0  164.24898            
0.00097680758  164.05626            
0.0019536152  172.37861            
0.0029304227  167.69805            
0.0039072303  154.93201            
0.0048840379  160.81868            
0.0058608455  159.27103            
0.0068376531  157.4659            
0.0078144607  165.61271            
0.0087912682  167.26434            
0.0097680758  164.46745            
0.010744883  167.16949            
0.011721691  164.78092            
0.012698499  163.84902            
0.013675306  165.86065            
0.014652114  164.10245            
0.015628921  168.09435            
0.016605729  168.46397            
0.017582536  166.59941            
0.018559344  166.07455            
0.019536152  167.89488            
0.020512959  164.86257            
0.021489767  161.03022            
0.022466574  171.02719            
0.023443382  171.15101            
0.02442019  160.92292            
0.025396997  159.55255            
0.026373805  163.47283            
0.027350612  166.3675            
0.02832742  166.87478            
0.029304227  166.71623            
0.030281035  171.44852            
0.031257843  174.05657            
0.03223465  173.14126            
0.033211458  168.1196            
0.034188265  178.85539            
0.035165073  174.84892            
0.036141881  174.58522            
0.037118688  170.09334            
0.038095496  167.4259            
0.039072303  164.9338            
0.040049111  162.00567            
0.041025918  165.34207            
0.042002726  166.75988            
0.042979534  163.75077            
0.043956341  164.57221            
0.044933149  169.43007            
0.045909956  168.4875            
0.046886764  166.8652            
0.047863572  173.3867            
0.048840379  164.09534            
0.049817187  166.7962            
0.050793994  170.64561            
0.051770802  166.06676            
0.052747609  160.32436            
0.053724417  159.23616            
0.054701225  165.21344            
0.055678032  158.0672            
0.05665484  160.3503            
0.057631647  162.58132            
0.058608455  163.01921            
0.059585263  161.2607            
0.06056207  159.39764            
0.061538878  163.49852            
0.062515685  157.87242            
0.063492493  159.62463            
0.0644693  164.25958            
0.065446108  162.08499            
0.066422916  164.24571            
0.067399723  157.66338            
0.068376531  161.28071            
0.069353338  167.14357            
0.070330146  166.95905            
0.071306954  169.26359            
0.072283761  168.29802            
0.073260569  169.8257            
0.074237376  168.79949            
0.075214184  169.7808            
0.076190991  173.54527            
0.077167799  168.52112            
0.078144607  161.93989            
0.079121414  164.25779            
0.080098222  169.48465            
0.081075029  166.3301            
0.082051837  165.18877            
0.083028645  172.62779            
0.084005452  176.25603            
0.08498226  168.3267            
0.085959067  162.76304            
0.086935875  165.54599            
0.087912682  158.92779            
0.08888949  165.06578            
0.089866298  162.02478            
0.090843105  159.09207            
0.091819913  166.16664            
0.09279672  179.39077            
0.093773528  178.6303            
0.094750335  169.91375            
0.095727143  164.54628            
0.096703951  165.90188            
0.097680758  157.55826            
0.098657566  159.92564            
0.099634373  163.65706            
0.10061118  165.38957            
0.10158799  170.49607            
0.1025648  171.73067            
0.1035416  171.14726            
0.10451841  169.22313            
0.10549522  169.13325            
0.10647203  169.83604            
0.10744883  170.36358            
0.10842564  170.88558            
0.10940245  170.36888            
0.11037926  171.72291            
0.11135606  173.72392            
0.11233287  165.25667            
0.11330968  168.44405            
0.11428649  164.87569            
0.11526329  169.35445            
0.1162401  174.65921            
0.11721691  165.94719            
0.11819372  165.29794            
0.11917053  170.18361            
0.12014733  168.21639            
0.12112414  167.76993            
0.12210095  173.17826            
0.12307776  174.01328            
0.12405456  172.1185            
0.12503137  162.46644            
0.12600818  162.12064            
0.12698499  161.75543            
0.12796179  163.44762            
0.1289386  165.62371            
0.12991541  164.84628            
0.13089222  163.17217            
0.13186902  159.80107            
0.13284583  163.78229            
0.13382264  163.80546            
0.13479945  163.44161            
0.13577625  165.62845            
0.13675306  164.17671            
0.13772987  159.42291            
0.13870668  157.70966            
0.13968348  162.23341            
0.14066029  155.02782            
0.1416371  157.80616            
0.14261391  164.71697            
0.14359071  167.02877            
0.14456752  166.09735            
0.14554433  161.81518            
0.14652114  168.30364            
0.14749794  168.07476            
0.14847475  164.79158            
0.14945156  158.30474            
0.15042837  155.47321            
0.15140518  157.89508            
0.15238198  158.55819            
0.15335879  159.91189            
0.1543356  166.79725            
0.15531241  171.7702            
0.15628921  166.1861            
0.15726602  168.71054            
0.15824283  169.26704            
0.15921964  161.10649            
0.16019644  163.0312            
0.16117325  170.74949            
0.16215006  173.59438            
0.16312687  174.18142            
0.16410367  164.56126            
0.16508048  166.44874            
0.16605729  169.88722            
0.1670341  174.86217            
0.1680109  167.66809            
0.16898771  163.9682            
0.16996452  160.77733            
0.17094133  167.07201            
0.17191813  163.49773            
0.17289494  166.33479            
0.17387175  163.73941            
0.17484856  167.36705            
0.17582536  168.2766            
0.17680217  164.89275            
0.17777898  166.4026            
0.17875579  170.11198            
0.1797326  168.06236            
0.1807094  167.64562            
0.18168621  170.0435            
0.18266302  171.84132            
0.18363983  168.11533            
0.18461663  166.50641            
0.18559344  171.73553            
0.18657025  168.36162            
0.18754706  163.56006            
0.18852386  160.5485            
0.18950067  161.16028            
0.19047748  161.37111            
0.19145429  154.12469            
0.19243109  156.52919            
0.1934079  165.25376            
0.19438471  168.43481            
0.19536152  166.65342            
0.19633832  160.50035            
0.19731513  160.93108            
0.19829194  161.62253            
0.19926875  156.12783            
0.20024555  156.18424            
0.20122236  163.85214            
0.20219917  165.3248            
0.20317598  168.74144            
0.20415278  167.87469            
0.20512959  168.72175            
0.2061064  164.74077            
0.20708321  162.0922            
0.20806002  160.11434            
0.20903682  159.96371            
0.21001363  161.26174            
0.21099044  160.01784            
0.21196725  168.50111            
0.21294405  168.63393            
0.21392086  173.8891            
0.21489767  170.64597            
0.21587448  167.48887            
0.21685128  166.04877            
0.21782809  169.74284            
0.2188049  171.43578            
0.21978171  173.66537            
0.22075851  171.09975            
0.22173532  170.17068            
0.22271213  164.59051            
0.22368894  163.80219            
0.22466574  160.82127            
0.22564255  168.75709            
0.22661936  163.5418            
0.22759617  160.16072            
0.22857297  164.58935            
0.22954978  168.64959            
0.23052659  157.61045            
0.2315034  159.15276            
0.2324802  163.81648            
0.23345701  162.77711            
0.23443382  161.63592            
0.23541063  161.41055            
0.23638743  163.19899            
0.23736424  163.856            
0.23834105  164.80184            
0.23931786  171.48579            
0.24029467  171.43928            
0.24127147  167.60914            
0.24224828  169.64706            
0.24322509  168.20073            
0.2442019  170.36752            
0.2451787  175.66633            
0.24615551  174.26549            
0.24713232  174.27713            
0.24810913  174.51914            
0.24908593  174.33238            
0.25006274  170.40367            
0.25103955  173.11068            
0.25201636  169.91329            
0.25299316  171.32055            
0.25396997  166.11266            
0.25494678  165.5351            
0.25592359  170.34195            
0.25690039  171.52071            
0.2578772  165.96707            
0.25885401  164.09017            
0.25983082  164.04115            
0.26080762  158.5            
0.26178443  160.85758            
0.26276124  167.60674            
0.26373805  172.45928            
0.26471485  168.63608            
0.26569166  162.88847            
0.26666847  165.03884            
0.26764528  162.66855            
0.26862209  160.43629            
0.26959889  159.50167            
0.2705757  158.53743            
0.27155251  166.92246            
0.27252932  167.24737            
0.27350612  162.14035            
0.27448293  162.25559            
0.27545974  164.67051            
0.27643655  165.15024            
0.27741335  160.81389            
0.27839016  161.15333            
0.27936697  163.5925            
0.28034378  170.25443            
0.28132058  168.72582            
0.28229739  172.41773            
0.2832742  180.17241            
0.28425101  179.87499            
0.28522781  171.19031            
0.28620462  165.54422            
0.28718143  165.04742            
0.28815824  169.54309            
0.28913504  167.18725            
0.29011185  164.27067            
0.29108866  162.38386            
0.29206547  165.28691            
0.29304227  162.154            
0.29401908  157.81463            
0.29499589  161.99388            
0.2959727  165.77352            
0.29694951  167.80882            
0.29792631  172.43673            
0.29890312  160.16886            
0.29987993  159.77244            
0.30085674  166.54271            
0.30183354  166.3722            
0.30281035  165.23801            
0.30378716  166.60965            
0.30476397  167.31136            
0.30574077  163.75504            
0.30671758  162.1692            
0.30769439  171.53719            
0.3086712  173.34958            
0.309648  163.35458            
0.31062481  167.1563            
0.31160162  168.19928            
0.31257843  162.69437            
0.31355523  162.64216            
0.31453204  169.82549            
0.31550885  167.37123            
0.31648566  167.05189            
0.31746246  162.5747            
0.31843927  157.04348            
0.31941608  163.97823            
0.32039289  168.33184            
0.32136969  168.21343            
0.3223465  169.11735            
0.32332331  166.63566            
0.32430012  169.13291            
0.32527692  170.69644            
0.32625373  175.04897            
0.32723054  176.52699            
0.32820735  179.77033            
0.32918416  173.8895            
0.33016096  172.95057            
0.33113777  178.35579            
0.33211458  183.02556            
0.33309139  186.90879            
0.33406819  191.11715            
0.335045  191.51243            
0.33602181  190.64151            
0.33699862  189.37473            
0.33797542  195.02635            
0.33895223  192.19489            
0.33992904  196.81854            
0.34090585  202.19909            
0.34188265  195.09645            
0.34285946  186.61421            
0.34383627  146.79264            
0.34481308  111.49753            
0.34578988  92.434039            
0.34676669  95.181164            
0.3477435  101.83328            
0.34872031  97.746296            
0.34969711  86.915357            
0.35067392  93.970472            
0.35165073  103.57305            
0.35262754  111.6252            
0.35360434  111.05913            
0.35458115  121.51238            
0.35555796  128.8945            
0.35653477  134.87418            
0.35751158  129.05849            
0.35848838  127.99539            
0.35946519  134.50426            
0.360442  133.26836            
0.36141881  143.23322            
0.36239561  142.8838            
0.36337242  148.23209            
0.36434923  151.62475            
0.36532604  157.88697            
0.36630284  160.75424            
0.36727965  163.87784            
0.36825646  166.0547            
0.36923327  166.57941            
0.37021007  169.04376            
0.37118688  175.09316            
0.37216369  178.37466            
0.3731405  171.93077            
0.3741173  175.29025            
0.37509411  178.58704            
0.37607092  178.2429            
0.37704773  177.5969            
0.37802453  171.78059            
0.37900134  168.49804            
0.37997815  171.38164            
0.38095496  178.9385            
0.38193176  172.62774            
0.38290857  175.42026            
0.38388538  176.12725            
0.38486219  170.28365            
0.385839  168.22622            
0.3868158  167.93526            
0.38779261  173.73928            
0.38876942  177.93644            
0.38974623  178.33037            
0.39072303  171.42164            
0.39169984  178.99108            
0.39267665  181.6185            
0.39365346  176.47709            
0.39463026  174.85847            
0.39560707  174.54987            
0.39658388  169.83802            
0.39756069  162.45634            
0.39853749  162.52732            
0.3995143  158.75039            
0.40049111  161.99489            
0.40146792  164.10347            
0.40244472  169.87946            
0.40342153  165.77264            
0.40439834  162.76059            
0.40537515  159.3054            
0.40635195  163.45589            
0.40732876  162.0061            
0.40830557  157.74649            
0.40928238  157.63376            
0.41025918  159.32588            
0.41123599  158.96125            
0.4122128  162.84602            
0.41318961  167.353            
0.41416641  171.39891            
0.41514322  164.88681            
0.41612003  161.9674            
0.41709684  159.66844            
0.41807365  162.11692            
0.41905045  161.24263            
0.42002726  165.38881            
0.42100407  166.38526            
0.42198088  161.86888            
0.42295768  166.60345            
0.42393449  168.04406            
0.4249113  168.32423            
0.42588811  166.42826            
0.42686491  168.87114            
0.42784172  172.6274            
0.42881853  166.051            
0.42979534  166.25894            
0.43077214  167.42151            
0.43174895  171.97709            
0.43272576  172.00565            
0.43370257  163.15904            
0.43467937  163.75509            
0.43565618  162.76783            
0.43663299  168.76914            
0.4376098  172.01744            
0.4385866  162.4441            
0.43956341  162.59957            
0.44054022  168.32687            
0.44151703  175.44248            
0.44249383  173.79873            
0.44347064  167.10494            
0.44444745  159.49727            
0.44542426  158.46936            
0.44640107  164.63173            
0.44737787  166.23858            
0.44835468  169.32407            
0.44933149  165.44806            
0.4503083  161.84367            
0.4512851  168.97383            
0.45226191  173.76307            
0.45323872  171.90415            
0.45421553  166.54755            
0.45519233  173.56018            
0.45616914  172.74446            
0.45714595  175.82869            
0.45812276  171.87863            
0.45909956  165.80417            
0.46007637  163.55973            
0.46105318  161.13445            
0.46202999  163.13708            
0.46300679  165.57911            
0.4639836  165.13751            
0.46496041  164.21889            
0.46593722  162.16975            
0.46691402  167.03133            
0.46789083  163.57219            
0.46886764  159.16811            
0.46984445  172.53602            
0.47082125  175.77147            
0.47179806  173.34676            
0.47277487  164.45555            
0.47375168  165.75181            
0.47472849  165.37115            
0.47570529  162.97487            
0.4766821  160.56603            
0.47765891  163.21176            
0.47863572  161.42181            
0.47961252  167.20851            
0.48058933  169.62827            
0.48156614  174.37857            
0.48254295  172.44165            
0.48351975  172.24467            
0.48449656  171.61598            
0.48547337  170.53772            
0.48645018  171.92648            
0.48742698  171.76223            
0.48840379  176.91826            
0.4893806  173.60745            
0.49035741  175.26803            
0.49133421  174.22993            
0.49231102  172.30926            
0.49328783  172.22759            
0.49426464  161.93084            
0.49524144  159.89265            
0.49621825  167.99567            
0.49719506  171.68821            
0.49817187  172.04171            
0.49914867  170.78475            
0.50012548  170.07461            
0.50110229  172.66373            
0.5020791  166.76162            
0.5030559  160.51572            
0.50403271  164.95061            
0.50500952  164.59422            
0.50598633  160.24269            
0.50696314  154.07971            
0.50793994  148.84766            
0.50891675  141.31657            
0.50989356  136.02779            
0.51087037  137.78629            
0.51184717  136.50402            
0.51282398  135.40116            
0.51380079  130.74898            
0.5147776  125.38987            
0.5157544  120.87271            
0.51673121  113.11858            
0.51770802  100.67394            
0.51868483  96.872509            
0.51966163  96.458577            
0.52063844  89.704941            
0.52161525  84.956293            
0.52259206  78.188314            
0.52356886  71.895678            
0.52454567  67.176083            
0.52552248  62.717188            
0.52649929  60.844423            
0.52747609  68.25538            
0.5284529  73.082301            
0.52942971  82.902472            
0.53040652  101.82179            
0.53138332  133.70541            
0.53236013  167.73127            
0.53333694  176.08574            
0.53431375  173.19552            
0.53529056  173.47463            
0.53626736  171.46065            
0.53724417  167.92368            
0.53822098  169.57092            
0.53919779  173.83446            
0.54017459  170.72578            
0.5411514  166.37701            
0.54212821  162.36586            
0.54310502  160.22865            
0.54408182  165.28396            
0.54505863  161.38624            
0.54603544  159.53065            
0.54701225  165.89317            
0.54798905  170.25345            
0.54896586  171.68335            
0.54994267  174.05792            
0.55091948  169.28308            
0.55189628  166.75053            
0.55287309  165.45811            
0.5538499  161.92784            
0.55482671  159.87685            
0.55580351  157.24507            
0.55678032  164.47631            
0.55775713  167.88143            
0.55873394  168.51493            
0.55971074  169.79415            
0.56068755  170.57249            
0.56166436  167.09594            
0.56264117  164.05424            
0.56361798  166.39594            
0.56459478  162.51297            
0.56557159  160.04601            
0.5665484  161.28387            
0.56752521  163.43631            
0.56850201  163.31604            
0.56947882  167.16569            
0.57045563  168.32265            
0.57143244  167.52817            
0.57240924  164.88819            
0.57338605  168.44361            
0.57436286  177.33706            
0.57533967  172.23552            
0.57631647  166.39227            
0.57729328  165.67296            
0.57827009  167.5202            
0.5792469  163.85778            
0.5802237  157.94784            
0.58120051  157.52058            
0.58217732  158.82646            
0.58315413  169.44934            
0.58413093  170.0075            
0.58510774  165.07848            
0.58608455  165.41702            
0.58706136  168.16569            
0.58803816  165.96582            
0.58901497  162.36864            
0.58999178  154.73647            
0.59096859  158.31365            
0.59194539  162.19308            
0.5929222  165.74496            
0.59389901  167.06144            
0.59487582  166.6756            
0.59585263  165.05836            
0.59682943  164.72569            
0.59780624  166.26886            
0.59878305  168.92077            
0.59975986  167.68477            
0.60073666  164.75033            
0.60171347  168.84534            
0.60269028  169.60124            
0.60366709  164.42733            
0.60464389  170.16258            
0.6056207  164.86385            
0.60659751  157.45306            
0.60757432  158.37488            
0.60855112  159.10093            
0.60952793  162.04806            
0.61050474  165.50606            
0.61148155  170.08298            
0.61245835  164.10035            
0.61343516  163.66581            
0.61441197  169.2758            
0.61538878  177.5588            
0.61636558  178.72601            
0.61734239  172.937            
0.6183192  175.0919            
0.61929601  174.48712            
0.62027281  166.80142            
0.62124962  166.46598            
0.62222643  166.84214            
0.62320324  171.57035            
0.62418005  164.52044            
0.62515685  158.58742            
0.62613366  155.23664            
0.62711047  158.75312            
0.62808728  162.04871            
0.62906408  159.95925            
0.63004089  162.18014            
0.6310177  164.79081            
0.63199451  162.49625            
0.63297131  167.26284            
0.63394812  169.95338            
0.63492493  166.15231            
0.63590174  165.70125            
0.63687854  166.93689            
0.63785535  168.85222            
0.63883216  162.86733            
0.63980897  165.36357            
0.64078577  169.08842            
0.64176258  168.67294            
0.64273939  167.68912            
0.6437162  167.55094            
0.644693  170.63649            
0.64566981  170.30516            
0.64664662  174.84027            
0.64762343  172.95109            
0.64860023  172.82695            
0.64957704  173.03247            
0.65055385  176.93343            
0.65153066  176.54149            
0.65250747  179.40573            
0.65348427  185.76927            
0.65446108  191.08389            
0.65543789  196.20786            
0.6564147  195.28817            
0.6573915  195.38844            
0.65836831  194.96481            
0.65934512  192.41577            
0.66032193  198.2877            
0.66129873  202.24529            
0.66227554  192.71188            
0.66325235  163.01473            
0.66422916  129.25214            
0.66520596  110.951            
0.66618277  100.8708            
0.66715958  90.529852            
0.66813639  85.62329            
0.66911319  87.02813            
0.67009  92.863959            
0.67106681  94.488044            
0.67204362  96.203642            
0.67302042  100.80807            
0.67399723  106.3517            
0.67497404  112.71257            
0.67595085  120.26128            
0.67692765  120.62706            
0.67790446  120.3321            
0.67888127  122.02333            
0.67985808  126.25353            
0.68083488  130.27778            
0.68181169  137.08117            
0.6827885  144.74094            
0.68376531  154.60685            
0.68474212  157.12754            
0.68571892  160.58995            
0.68669573  166.94795            
0.68767254  169.68004            
0.68864935  166.80804            
0.68962615  163.96831            
0.69060296  162.48602            
0.69157977  167.45951            
0.69255658  166.16393            
0.69353338  168.25081            
0.69451019  172.25295            
0.695487  168.99269            
0.69646381  167.66416            
0.69744061  170.12581            
0.69841742  170.4582            
0.69939423  168.01649            
0.70037104  167.06878            
0.70134784  169.92916            
0.70232465  168.21649            
0.70330146  168.59155            
0.70427827  166.79448            
0.70525507  168.57918            
0.70623188  170.0023            
0.70720869  173.38231            
0.7081855  171.30102            
0.7091623  165.32758            
0.71013911  166.22791            
0.71111592  163.11178            
0.71209273  169.75094            
0.71306954  172.24103            
0.71404634  172.33568            
0.71502315  172.59754            
0.71599996  163.60947            
0.71697677  161.61446            
0.71795357  163.66088            
0.71893038  164.56479            
0.71990719  162.00426            
0.720884  163.20166            
0.7218608  160.9977            
0.72283761  158.60103            
0.72381442  153.5583            
0.72479123  158.68421            
0.72576803  169.81898            
0.72674484  173.325            
0.72772165  175.86873            
0.72869846  168.75929            
0.72967526  164.27297            
0.73065207  163.8359            
0.73162888  163.6964            
0.73260569  162.77601            
0.73358249  164.66095            
0.7345593  167.49684            
0.73553611  163.06545            
0.73651292  164.25482            
0.73748972  162.19909            
0.73846653  154.91891            
0.73944334  156.52999            
0.74042015  165.44184            
0.74139696  165.7092            
0.74237376  158.29408            
0.74335057  159.7127            
0.74432738  163.15616            
0.74530419  167.62633            
0.74628099  165.37901            
0.7472578  166.61522            
0.74823461  164.49697            
0.74921142  167.36946            
0.75018822  170.72464            
0.75116503  168.91731            
0.75214184  169.58449            
0.75311865  164.77433            
0.75409545  163.19615            
0.75507226  163.20372            
0.75604907  165.96845            
0.75702588  162.01452            
0.75800268  161.25055            
0.75897949  161.06462            
0.7599563  161.17543            
0.76093311  162.04403            
0.76190991  165.9991            
0.76288672  166.56305            
0.76386353  171.80579            
0.76484034  174.89586            
0.76581714  166.61266            
0.76679395  164.16565            
0.76777076  165.05328            
0.76874757  160.77143            
0.76972437  163.13292            
0.77070118  170.83063            
0.77167799  174.42878            
0.7726548  172.10803            
0.77363161  164.02183            
0.77460841  157.73261            
0.77558522  161.40784            
0.77656203  161.51309            
0.77753884  162.56467            
0.77851564  173.84638            
0.77949245  174.42008            
0.78046926  171.00264            
0.78144607  163.57141            
0.78242287  166.64284            
0.78339968  171.73599            
0.78437649  175.56702            
0.7853533  169.32856            
0.7863301  167.06925            
0.78730691  165.14421            
0.78828372  161.91442            
0.78926053  160.16539            
0.79023733  161.74929            
0.79121414  163.99086            
0.79219095  167.93146            
0.79316776  173.0118            
0.79414456  173.00496            
0.79512137  171.83523            
0.79609818  169.13527            
0.79707499  165.50076            
0.79805179  165.88074            
0.7990286  163.40316            
0.80000541  166.00529            
0.80098222  168.82735            
0.80195903  169.82026            
0.80293583  166.8208            
0.80391264  161.23752            
0.80488945  166.87059            
0.80586626  174.46772            
0.80684306  175.7666            
0.80781987  168.22122            
0.80879668  169.21313            
0.80977349  173.58458            
0.81075029  172.83391            
0.8117271  172.99523            
0.81270391  172.56422            
0.81368072  173.35288            
0.81465752  171.8918            
0.81563433  163.96275            
0.81661114  168.07424            
0.81758795  171.89891            
0.81856475  173.92883            
0.81954156  179.93907            
0.82051837  175.64961            
0.82149518  170.84333            
0.82247198  178.83363            
0.82344879  174.85926            
0.8244256  158.63368            
0.82540241  155.38468            
0.82637921  152.64903            
0.82735602  148.39153            
0.82833283  139.82019            
0.82930964  136.82249            
0.83028645  139.46191            
0.83126325  134.49695            
0.83224006  127.58343            
0.83321687  124.18965            
0.83419368  124.47314            
0.83517048  118.26054            
0.83614729  109.72607            
0.8371241  105.96211            
0.83810091  97.965448            
0.83907771  90.495499            
0.84005452  84.497204            
0.84103133  78.356727            
0.84200814  76.913695            
0.84298494  80.163818            
0.84396175  70.16002            
0.84493856  63.850348            
0.84591537  60.187442            
0.84689217  60.965312            
0.84786898  62.662712            
0.84884579  70.142577            
0.8498226  92.349216            
0.8507994  120.96894            
0.85177621  156.02224            
0.85275302  179.46198            
0.85372983  188.03607            
0.85470663  180.35072            
0.85568344  168.25993            
0.85666025  161.8667            
0.85763706  159.35522            
0.85861386  158.96693            
0.85959067  162.21351            
0.86056748  162.93901            
0.86154429  164.17711            
0.8625211  168.76945            
0.8634979  164.03097            
0.86447471  157.46403            
0.86545152  157.91168            
0.86642833  165.50105            
0.86740513  161.84776            
0.86838194  156.02834            
0.86935875  159.53598            
0.87033556  160.3137            
0.87131236  154.80818            
0.87228917  157.33206            
0.87326598  161.76784            
0.87424279  158.50248            
0.87521959  156.13726            
0.8761964  160.03326            
0.87717321  166.0196            
0.87815002  169.29816            
0.87912682  165.43082            
0.88010363  163.37246            
0.88108044  165.40529            
0.88205725  169.67467            
0.88303405  165.0198            
0.88401086  163.52141            
0.88498767  168.72479            
0.88596448  170.09862            
0.88694128  164.4783            
0.88791809  155.41266            
0.8888949  159.4919            
0.88987171  163.91578            
0.89084852  163.41967            
0.89182532  158.18694            
0.89280213  155.6595            
0.89377894  157.6213            
0.89475575  159.68123            
0.89573255  157.68858            
0.89670936  159.54247            
0.89768617  162.39107            
0.89866298  158.5399            
0.89963978  157.58763            
0.90061659  160.49167            
0.9015934  167.22728            
0.90257021  168.28695            
0.90354701  171.61693            
0.90452382  171.73413            
0.90550063  170.6448            
0.90647744  168.28921            
0.90745424  162.14688            
0.90843105  163.53834            
0.90940786  167.44712            
0.91038467  169.59382            
0.91136147  168.63764            
0.91233828  166.09474            
0.91331509  162.41605            
0.9142919  161.84903            
0.9152687  167.58336            
0.91624551  164.89654            
0.91722232  164.29225            
0.91819913  166.32536            
0.91917594  169.23559            
0.92015274  174.95203            
0.92112955  174.07107            
0.92210636  175.909            
0.92308317  177.82622            
0.92405997  168.57492            
0.92503678  167.17819            
0.92601359  167.06351            
0.9269904  164.81605            
0.9279672  166.34705            
0.92894401  169.01418            
0.92992082  164.14635            
0.93089763  158.06995            
0.93187443  164.61788            
0.93285124  172.14825            
0.93382805  169.13841            
0.93480486  168.56084            
0.93578166  168.05393            
0.93675847  165.37448            
0.93773528  171.03883            
0.93871209  177.42144            
0.93968889  179.61823            
0.9406657  173.50635            
