0  146.21124            
0.00097680758  144.01866            
0.0019536152  142.85087            
0.0029304227  145.15391            
0.0039072303  145.44381            
0.0048840379  141.17044            
0.0058608455  137.69872            
0.0068376531  139.57723            
0.0078144607  143.32313            
0.0087912682  143.66072            
0.0097680758  143.60116            
0.010744883  146.79629            
0.011721691  144.1024            
0.012698499  145.70744            
0.013675306  142.46607            
0.014652114  144.03141            
0.015628921  146.03191            
0.016605729  147.10955            
0.017582536  142.93827            
0.018559344  142.43354            
0.019536152  141.61258            
0.020512959  139.77922            
0.021489767  143.20872            
0.022466574  142.55637            
0.023443382  139.43333            
0.02442019  137.01046            
0.025396997  134.8619            
0.026373805  140.24718            
0.027350612  140.59108            
0.02832742  143.38195            
0.029304227  147.36585            
0.030281035  148.4564            
0.031257843  150.65776            
0.03223465  146.79048            
0.033211458  144.76908            
0.034188265  139.85861            
0.035165073  137.70184            
0.036141881  139.241            
0.037118688  140.81401            
0.038095496  140.73652            
0.039072303  137.41707            
0.040049111  136.16829            
0.041025918  139.99879            
0.042002726  138.60921            
0.042979534  139.3132            
0.043956341  139.99529            
0.044933149  141.74238            
0.045909956  142.27241            
0.046886764  137.13461            
0.047863572  141.43519            
0.048840379  144.07919            
0.049817187  145.19366            
0.050793994  148.01633            
0.051770802  141.32021            
0.052747609  145.46929            
0.053724417  149.71446            
0.054701225  148.47109            
0.055678032  143.26853            
0.05665484  147.2055            
0.057631647  144.10238            
0.058608455  144.47899            
0.059585263  143.24432            
0.06056207  144.51591            
0.061538878  143.09273            
0.062515685  142.24418            
0.063492493  142.03795            
0.0644693  140.74857            
0.065446108  141.28999            
0.066422916  144.9707            
0.067399723  147.2272            
0.068376531  143.75776            
0.069353338  141.28202            
0.070330146  143.22736            
0.071306954  144.622            
0.072283761  144.41721            
0.073260569  141.18299            
0.074237376  148.95135            
0.075214184  146.71874            
0.076190991  144.14067            
0.077167799  145.20199            
0.078144607  139.71291            
0.079121414  142.44498            
0.080098222  142.72919            
0.081075029  138.59601            
0.082051837  138.80853            
0.083028645  136.84927            
0.084005452  139.59936            
0.08498226  143.59679            
0.085959067  140.52796            
0.086935875  143.18576            
0.087912682  141.64303            
0.08888949  142.36519            
0.089866298  141.80842            
0.090843105  142.58389            
0.091819913  144.20862            
0.09279672  142.69245            
0.093773528  143.27396            
0.094750335  148.09175            
0.095727143  150.43027            
0.096703951  146.19743            
0.097680758  146.50695            
0.098657566  142.2664            
0.099634373  141.67242            
0.10061118  145.61124            
0.10158799  147.85999            
0.1025648  148.99737            
0.1035416  144.60303            
0.10451841  142.86053            
0.10549522  144.74342            
0.10647203  143.57928            
0.10744883  137.88862            
0.10842564  140.74944            
0.10940245  144.59128            
0.11037926  143.51006            
0.11135606  142.85117            
0.11233287  146.07515            
0.11330968  146.90686            
0.11428649  148.0683            
0.11526329  143.32725            
0.1162401  143.73324            
0.11721691  144.25613            
0.11819372  147.36704            
0.11917053  143.63111            
0.12014733  141.61458            
0.12112414  140.0843            
0.12210095  136.62474            
0.12307776  142.16831            
0.12405456  140.74341            
0.12503137  142.20776            
0.12600818  143.46835            
0.12698499  143.64349            
0.12796179  139.33628            
0.1289386  139.95001            
0.12991541  141.15132            
0.13089222  142.40245            
0.13186902  144.78891            
0.13284583  145.58803            
0.13382264  142.37359            
0.13479945  142.91587            
0.13577625  142.24361            
0.13675306  140.98674            
0.13772987  141.41288            
0.13870668  143.20563            
0.13968348  141.68152            
0.14066029  141.47183            
0.1416371  141.99476            
0.14261391  140.12464            
0.14359071  144.05516            
0.14456752  146.99466            
0.14554433  142.38422            
0.14652114  144.22046            
0.14749794  144.48314            
0.14847475  147.02398            
0.14945156  148.70355            
0.15042837  149.57235            
0.15140518  143.79309            
0.15238198  143.69345            
0.15335879  141.17339            
0.1543356  137.37181            
0.15531241  144.05            
0.15628921  144.25543            
0.15726602  143.99557            
0.15824283  143.01079            
0.15921964  144.81243            
0.16019644  147.58978            
0.16117325  146.91139            
0.16215006  141.91267            
0.16312687  143.22555            
0.16410367  145.24112            
0.16508048  144.22202            
0.16605729  145.09482            
0.1670341  144.75238            
0.1680109  146.62569            
0.16898771  145.55562            
0.16996452  149.25288            
0.17094133  149.02085            
0.17191813  147.55194            
0.17289494  145.62933            
0.17387175  146.33866            
0.17484856  145.69116            
0.17582536  140.7827            
0.17680217  141.12647            
0.17777898  141.87718            
0.17875579  143.02547            
0.1797326  146.20947            
0.1807094  148.99959            
0.18168621  146.39102            
0.18266302  144.69412            
0.18363983  143.96019            
0.18461663  141.51085            
0.18559344  142.14316            
0.18657025  144.07128            
0.18754706  139.97854            
0.18852386  140.96104            
0.18950067  141.34007            
0.19047748  144.22899            
0.19145429  144.94584            
0.19243109  143.28847            
0.1934079  141.25449            
0.19438471  136.93876            
0.19536152  138.6123            
0.19633832  142.67924            
0.19731513  142.76394            
0.19829194  139.26884            
0.19926875  138.66823            
0.20024555  140.40969            
0.20122236  139.39206            
0.20219917  137.23744            
0.20317598  139.62071            
0.20415278  140.37538            
0.20512959  141.37292            
0.2061064  143.05914            
0.20708321  142.60374            
0.20806002  139.74323            
0.20903682  140.6693            
0.21001363  143.85896            
0.21099044  140.04043            
0.21196725  140.29187            
0.21294405  140.6253            
0.21392086  141.2947            
0.21489767  141.77986            
0.21587448  143.66685            
0.21685128  146.00039            
0.21782809  143.57381            
0.2188049  141.89368            
0.21978171  139.18224            
0.22075851  143.4915            
0.22173532  143.69633            
0.22271213  140.1482            
0.22368894  139.61042            
0.22466574  139.57765            
0.22564255  142.24626            
0.22661936  143.68988            
0.22759617  144.83204            
0.22857297  141.17214            
0.22954978  138.64234            
0.23052659  143.50356            
0.2315034  147.46744            
0.2324802  146.17452            
0.23345701  145.58112            
0.23443382  144.76794            
0.23541063  144.06594            
0.23638743  141.66631            
0.23736424  142.72861            
0.23834105  139.54585            
0.23931786  139.26775            
0.24029467  137.49496            
0.24127147  139.07658            
0.24224828  140.63138            
0.24322509  137.96589            
0.2442019  141.93709            
0.2451787  142.13098            
0.24615551  143.26337            
0.24713232  140.66486            
0.24810913  138.53449            
0.24908593  140.03267            
0.25006274  140.89644            
0.25103955  139.78381            
0.25201636  140.69192            
0.25299316  139.6938            
0.25396997  139.6033            
0.25494678  136.37699            
0.25592359  138.2893            
0.25690039  139.99022            
0.2578772  142.40894            
0.25885401  144.39641            
0.25983082  145.29494            
0.26080762  142.789            
0.26178443  145.14126            
0.26276124  149.49647            
0.26373805  148.55765            
0.26471485  147.36907            
0.26569166  141.91425            
0.26666847  142.55494            
0.26764528  142.25536            
0.26862209  140.75828            
0.26959889  143.86325            
0.2705757  147.80429            
0.27155251  144.73094            
0.27252932  139.54791            
0.27350612  139.75801            
0.27448293  143.64531            
0.27545974  142.18905            
0.27643655  139.43279            
0.27741335  144.45248            
0.27839016  141.64213            
0.27936697  139.96656            
0.28034378  143.53036            
0.28132058  145.01699            
0.28229739  139.49973            
0.2832742  141.27496            
0.28425101  144.52059            
0.28522781  144.43408            
0.28620462  141.48836            
0.28718143  146.62963            
0.28815824  147.13295            
0.28913504  143.27837            
0.29011185  141.33206            
0.29108866  141.81905            
0.29206547  146.45493            
0.29304227  147.10956            
0.29401908  142.19252            
0.29499589  140.7337            
0.2959727  143.54812            
0.29694951  143.48557            
0.29792631  142.44873            
0.29890312  141.71565            
0.29987993  139.46865            
0.30085674  139.74626            
0.30183354  144.14455            
0.30281035  143.92323            
0.30378716  148.10862            
0.30476397  146.08089            
0.30574077  141.11986            
0.30671758  142.5997            
0.30769439  142.56259            
0.3086712  140.66871            
0.309648  139.70112            
0.31062481  141.07314            
0.31160162  142.07004            
0.31257843  138.26576            
0.31355523  140.46117            
0.31453204  141.45833            
0.31550885  143.09072            
0.31648566  146.94397            
0.31746246  149.87692            
0.31843927  150.98234            
0.31941608  148.61077            
0.32039289  143.9807            
0.32136969  145.80517            
0.3223465  146.80908            
0.32332331  150.02801            
0.32430012  149.92387            
0.32527692  146.57989            
0.32625373  149.82166            
0.32723054  153.64435            
0.32820735  153.63512            
0.32918416  155.71364            
0.33016096  157.98993            
0.33113777  158.0947            
0.33211458  162.27745            
0.33309139  162.8663            
0.33406819  162.80902            
0.335045  166.74374            
0.33602181  164.71212            
0.33699862  168.79001            
0.33797542  174.36991            
0.33895223  176.23543            
0.33992904  181.39859            
0.34090585  179.01679            
0.34188265  170.61093            
0.34285946  160.28826            
0.34383627  134.48849            
0.34481308  107.58194            
0.34578988  90.881087            
0.34676669  79.03311            
0.3477435  73.43468            
0.34872031  74.873719            
0.34969711  75.039978            
0.35067392  76.718246            
0.35165073  77.095629            
0.35262754  82.48344            
0.35360434  84.277179            
0.35458115  83.469997            
0.35555796  91.504676            
0.35653477  98.329584            
0.35751158  98.143064            
0.35848838  99.722527            
0.35946519  102.41499            
0.360442  110.23916            
0.36141881  115.44381            
0.36239561  119.15015            
0.36337242  121.08335            
0.36434923  123.30056            
0.36532604  124.8203            
0.36630284  127.71251            
0.36727965  130.59385            
0.36825646  130.19819            
0.36923327  135.59043            
0.37021007  143.61435            
0.37118688  147.77007            
0.37216369  151.50016            
0.3731405  149.7607            
0.3741173  149.64788            
0.37509411  149.0795            
0.37607092  149.65936            
0.37704773  152.77391            
0.37802453  149.78911            
0.37900134  147.27033            
0.37997815  143.70396            
0.38095496  143.48704            
0.38193176  145.47112            
0.38290857  144.13775            
0.38388538  146.88767            
0.38486219  150.18437            
0.385839  145.05717            
0.3868158  143.56227            
0.38779261  145.20145            
0.38876942  142.43256            
0.38974623  144.96265            
0.39072303  146.95358            
0.39169984  150.23021            
0.39267665  146.23063            
0.39365346  142.07541            
0.39463026  144.41134            
0.39560707  143.71461            
0.39658388  145.35896            
0.39756069  145.33537            
0.39853749  142.70599            
0.3995143  138.54749            
0.40049111  138.97265            
0.40146792  140.79993            
0.40244472  144.01238            
0.40342153  143.60485            
0.40439834  145.16961            
0.40537515  146.55681            
0.40635195  146.15891            
0.40732876  144.54753            
0.40830557  145.80879            
0.40928238  147.41659            
0.41025918  148.90992            
0.41123599  147.66409            
0.4122128  148.63036            
0.41318961  144.46191            
0.41416641  142.74803            
0.41514322  142.69798            
0.41612003  142.32369            
0.41709684  141.63462            
0.41807365  141.73885            
0.41905045  144.32768            
0.42002726  147.08323            
0.42100407  144.57305            
0.42198088  140.89789            
0.42295768  134.75266            
0.42393449  139.51924            
0.4249113  142.60484            
0.42588811  144.99079            
0.42686491  146.87859            
0.42784172  146.91057            
0.42881853  143.06045            
0.42979534  143.08108            
0.43077214  145.78612            
0.43174895  141.72393            
0.43272576  142.88192            
0.43370257  142.78224            
0.43467937  144.83834            
0.43565618  141.18561            
0.43663299  142.05357            
0.4376098  144.64965            
0.4385866  142.2653            
0.43956341  142.40469            
0.44054022  148.79982            
0.44151703  153.19329            
0.44249383  152.73618            
0.44347064  145.89424            
0.44444745  143.09089            
0.44542426  147.8698            
0.44640107  148.65519            
0.44737787  144.3347            
0.44835468  141.92649            
0.44933149  142.81764            
0.4503083  142.17729            
0.4512851  144.69954            
0.45226191  145.8929            
0.45323872  145.75248            
0.45421553  145.93995            
0.45519233  142.37161            
0.45616914  138.99655            
0.45714595  146.07455            
0.45812276  145.24917            
0.45909956  139.68749            
0.46007637  140.31774            
0.46105318  144.62641            
0.46202999  144.07543            
0.46300679  145.25448            
0.4639836  144.19261            
0.46496041  145.43564            
0.46593722  146.05632            
0.46691402  147.35794            
0.46789083  143.22764            
0.46886764  141.05012            
0.46984445  141.49409            
0.47082125  142.36856            
0.47179806  142.61867            
0.47277487  142.37973            
0.47375168  143.27271            
0.47472849  144.24843            
0.47570529  143.19788            
0.4766821  145.27012            
0.47765891  147.38236            
0.47863572  147.13216            
0.47961252  147.23889            
0.48058933  146.29491            
0.48156614  145.7301            
0.48254295  146.63212            
0.48351975  150.21293            
0.48449656  152.68472            
0.48547337  151.43084            
0.48645018  150.56936            
0.48742698  150.30769            
0.48840379  149.26513            
0.4893806  150.13911            
0.49035741  150.70862            
0.49133421  150.66831            
0.49231102  150.08914            
0.49328783  153.05523            
0.49426464  151.85604            
0.49524144  150.39578            
0.49621825  152.60963            
0.49719506  155.04314            
0.49817187  151.11598            
0.49914867  143.98088            
0.50012548  140.8732            
0.50110229  146.96151            
0.5020791  148.61072            
0.5030559  146.26559            
0.50403271  142.81681            
0.50500952  140.83192            
0.50598633  134.20907            
0.50696314  133.53638            
0.50793994  134.31204            
0.50891675  128.34412            
0.50989356  123.12733            
0.51087037  121.25764            
0.51184717  113.86625            
0.51282398  110.21623            
0.51380079  107.35683            
0.5147776  102.10732            
0.5157544  98.11477            
0.51673121  96.683865            
0.51770802  94.411024            
0.51868483  95.590268            
0.51966163  91.558369            
0.52063844  83.972597            
0.52161525  77.750679            
0.52259206  71.641401            
0.52356886  70.528563            
0.52454567  70.262333            
0.52552248  65.828258            
0.52649929  66.94246            
0.52747609  68.170554            
0.5284529  73.950971            
0.52942971  88.243465            
0.53040652  102.7269            
0.53138332  124.31449            
0.53236013  152.16319            
0.53333694  171.27171            
0.53431375  177.87488            
0.53529056  171.34015            
0.53626736  166.91501            
0.53724417  169.34497            
0.53822098  164.0843            
0.53919779  160.71757            
0.54017459  160.16891            
0.5411514  155.58898            
0.54212821  156.16252            
0.54310502  154.16235            
0.54408182  151.3866            
0.54505863  151.73931            
0.54603544  151.26487            
0.54701225  150.32821            
0.54798905  151.03556            
0.54896586  151.51907            
0.54994267  153.91378            
0.55091948  153.62315            
0.55189628  153.54012            
0.55287309  147.6257            
0.5538499  143.44532            
0.55482671  142.55391            
0.55580351  143.87388            
0.55678032  143.98618            
0.55775713  144.84085            
0.55873394  144.7187            
0.55971074  147.6022            
0.56068755  147.74606            
0.56166436  145.6779            
0.56264117  144.73944            
0.56361798  142.53816            
0.56459478  141.79139            
0.56557159  142.7807            
0.5665484  146.4883            
0.56752521  145.20983            
0.56850201  143.48377            
0.56947882  143.23807            
0.57045563  144.91586            
0.57143244  145.51286            
0.57240924  143.97594            
0.57338605  144.86642            
0.57436286  147.04648            
0.57533967  141.1428            
0.57631647  138.70187            
0.57729328  139.53783            
0.57827009  142.79696            
0.5792469  141.35421            
0.5802237  141.74784            
0.58120051  139.29226            
0.58217732  137.44095            
0.58315413  141.98581            
0.58413093  145.49102            
0.58510774  143.63845            
0.58608455  142.02536            
0.58706136  144.95252            
0.58803816  144.59687            
0.58901497  146.35173            
0.58999178  148.72642            
0.59096859  148.69523            
0.59194539  146.96575            
0.5929222  145.04575            
0.59389901  142.43165            
0.59487582  142.99254            
0.59585263  142.08853            
0.59682943  141.76951            
0.59780624  138.23528            
0.59878305  138.21608            
0.59975986  141.17708            
0.60073666  141.28676            
0.60171347  141.93292            
0.60269028  141.40149            
0.60366709  140.13751            
0.60464389  140.90335            
0.6056207  144.42397            
0.60659751  142.42138            
0.60757432  140.19882            
0.60855112  140.84404            
0.60952793  147.39889            
0.61050474  146.37726            
0.61148155  142.42305            
0.61245835  141.94428            
0.61343516  145.25708            
0.61441197  146.9458            
0.61538878  143.83277            
0.61636558  143.18397            
0.61734239  148.87411            
0.6183192  148.22615            
0.61929601  142.45779            
0.62027281  137.50362            
0.62124962  138.37548            
0.62222643  140.85608            
0.62320324  141.81929            
0.62418005  142.5129            
0.62515685  144.1903            
0.62613366  143.78177            
0.62711047  139.73397            
0.62808728  137.54423            
0.62906408  136.72136            
0.63004089  141.04865            
0.6310177  142.32548            
0.63199451  142.29169            
0.63297131  145.5534            
0.63394812  145.09207            
0.63492493  146.79406            
0.63590174  147.57917            
0.63687854  147.53648            
0.63785535  145.45007            
0.63883216  141.37952            
0.63980897  141.46259            
0.64078577  144.12258            
0.64176258  144.85027            
0.64273939  144.79178            
0.6437162  146.98462            
0.644693  151.33751            
0.64566981  152.97959            
0.64664662  151.43461            
0.64762343  150.23508            
0.64860023  152.4352            
0.64957704  153.86491            
0.65055385  154.81892            
0.65153066  155.36481            
0.65250747  156.38918            
0.65348427  158.02542            
0.65446108  162.19284            
0.65543789  167.69938            
0.6564147  173.78089            
0.6573915  173.63371            
0.65836831  174.28195            
0.65934512  175.48999            
0.66032193  179.28157            
0.66129873  177.24021            
0.66227554  170.95577            
0.66325235  155.12557            
0.66422916  123.66933            
0.66520596  95.023934            
0.66618277  80.188975            
0.66715958  77.455219            
0.66813639  75.007855            
0.66911319  71.533123            
0.67009  73.207575            
0.67106681  75.852405            
0.67204362  78.666916            
0.67302042  77.428807            
0.67399723  81.356554            
0.67497404  86.898596            
0.67595085  87.860359            
0.67692765  89.630556            
0.67790446  90.952934            
0.67888127  94.133388            
0.67985808  99.142405            
0.68083488  101.18341            
0.68181169  107.06009            
0.6827885  113.57715            
0.68376531  120.50962            
0.68474212  125.90108            
0.68571892  125.14832            
0.68669573  128.20396            
0.68767254  132.03005            
0.68864935  138.86912            
0.68962615  139.63175            
0.69060296  140.18367            
0.69157977  145.59957            
0.69255658  145.29435            
0.69353338  141.02024            
0.69451019  144.59528            
0.695487  144.74288            
0.69646381  148.15367            
0.69744061  151.36506            
0.69841742  151.97104            
0.69939423  151.81099            
0.70037104  154.39588            
0.70134784  151.80081            
0.70232465  150.72132            
0.70330146  150.4876            
0.70427827  146.79001            
0.70525507  143.79607            
0.70623188  142.2192            
0.70720869  144.1833            
0.7081855  146.24096            
0.7091623  144.5117            
0.71013911  143.11178            
0.71111592  148.02575            
0.71209273  147.82622            
0.71306954  148.90481            
0.71404634  149.59539            
0.71502315  147.81726            
0.71599996  144.02607            
0.71697677  142.33656            
0.71795357  142.31953            
0.71893038  142.51593            
0.71990719  142.28144            
0.720884  144.93841            
0.7218608  147.15022            
0.72283761  146.38671            
0.72381442  143.43502            
0.72479123  141.60138            
0.72576803  141.75361            
0.72674484  146.19964            
0.72772165  148.19954            
0.72869846  147.80517            
0.72967526  148.06065            
0.73065207  145.31522            
0.73162888  146.07952            
0.73260569  145.52965            
0.73358249  142.80099            
0.7345593  139.68329            
0.73553611  139.45565            
0.73651292  141.66302            
0.73748972  142.73582            
0.73846653  144.49762            
0.73944334  147.66876            
0.74042015  156.16416            
0.74139696  163.54469            
0.74237376  169.47969            
0.74335057  175.84453            
0.74432738  173.14779            
0.74530419  164.58172            
0.74628099  149.74582            
0.7472578  139.48973            
0.74823461  141.37666            
0.74921142  143.93287            
0.75018822  143.50477            
0.75116503  142.05479            
0.75214184  138.89632            
0.75311865  141.31299            
0.75409545  142.33936            
0.75507226  141.67123            
0.75604907  139.92934            
0.75702588  138.88035            
0.75800268  141.15725            
0.75897949  143.04813            
0.7599563  146.35375            
0.76093311  144.50362            
0.76190991  143.51911            
0.76288672  142.41212            
0.76386353  143.94123            
0.76484034  143.43079            
0.76581714  142.85084            
0.76679395  142.64712            
0.76777076  144.92915            
0.76874757  143.32978            
0.76972437  144.25539            
0.77070118  143.501            
0.77167799  143.48519            
0.7726548  143.24511            
0.77363161  140.91376            
0.77460841  142.0852            
0.77558522  143.1732            
0.77656203  142.65903            
0.77753884  144.08725            
0.77851564  143.51288            
0.77949245  141.83969            
0.78046926  140.75029            
0.78144607  140.32563            
0.78242287  142.58155            
0.78339968  144.16697            
0.78437649  146.66366            
0.7853533  146.76098            
0.7863301  147.84763            
0.78730691  145.84665            
0.78828372  146.11213            
0.78926053  151.18909            
0.79023733  150.01056            
0.79121414  146.3335            
0.79219095  143.83142            
0.79316776  145.83021            
0.79414456  147.85186            
0.79512137  149.58675            
0.79609818  146.15783            
0.79707499  141.388            
0.79805179  139.92832            
0.7990286  144.52488            
0.80000541  147.77426            
0.80098222  148.57891            
0.80195903  148.51324            
0.80293583  151.59581            
0.80391264  150.88618            
0.80488945  146.21854            
0.80586626  144.07245            
0.80684306  144.51323            
0.80781987  146.09407            
0.80879668  145.91506            
0.80977349  145.23603            
0.81075029  147.18869            
0.8117271  151.59024            
0.81270391  152.33314            
0.81368072  150.05528            
0.81465752  148.87446            
0.81563433  150.80662            
0.81661114  148.66378            
0.81758795  149.58548            
0.81856475  149.70916            
0.81954156  146.10758            
0.82051837  144.19303            
0.82149518  146.92737            
0.82247198  149.11971            
0.82344879  148.4875            
0.8244256  142.33861            
0.82540241  142.16637            
0.82637921  138.7505            
0.82735602  132.81615            
0.82833283  131.42767            
0.82930964  131.2674            
0.83028645  127.02301            
0.83126325  116.48971            
0.83224006  110.71087            
0.83321687  109.01452            
0.83419368  108.45114            
0.83517048  104.40247            
0.83614729  98.755447            
0.8371241  93.502696            
0.83810091  87.58124            
0.83907771  84.888363            
0.84005452  87.148136            
0.84103133  84.835347            
0.84200814  79.813248            
0.84298494  74.667011            
0.84396175  70.263419            
0.84493856  68.113348            
0.84591537  70.037031            
0.84689217  72.814229            
0.84786898  77.175855            
0.84884579  83.466319            
0.8498226  92.882099            
0.8507994  108.54538            
0.85177621  133.56227            
0.85275302  160.41185            
0.85372983  173.21148            
0.85470663  174.1187            
0.85568344  170.028            
0.85666025  164.25663            
0.85763706  159.52342            
0.85861386  154.72481            
0.85959067  154.67466            
0.86056748  155.48447            
0.86154429  155.93328            
0.8625211  155.68252            
0.8634979  151.97579            
0.86447471  148.13332            
0.86545152  146.82857            
0.86642833  147.478            
0.86740513  149.42197            
0.86838194  148.76158            
0.86935875  145.83971            
0.87033556  144.20135            
0.87131236  146.7907            
0.87228917  153.29208            
0.87326598  163.60878            
0.87424279  171.67619            
0.87521959  171.37928            
0.8761964  166.69252            
0.87717321  154.27845            
0.87815002  143.23909            
0.87912682  142.83814            
0.88010363  144.70165            
0.88108044  146.68268            
0.88205725  143.50111            
0.88303405  141.88223            
0.88401086  143.62464            
0.88498767  146.3603            
0.88596448  149.60823            
0.88694128  147.09759            
0.88791809  141.49579            
0.8888949  142.56951            
0.88987171  143.68468            
0.89084852  141.70755            
0.89182532  140.56711            
0.89280213  140.41793            
0.89377894  142.35801            
0.89475575  145.32689            
0.89573255  144.32336            
0.89670936  143.24655            
0.89768617  143.45768            
0.89866298  139.83698            
0.89963978  138.048            
0.90061659  140.91472            
0.9015934  147.86752            
0.90257021  149.80003            
0.90354701  147.16997            
0.90452382  143.1726            
0.90550063  140.64411            
0.90647744  139.83132            
0.90745424  143.3002            
0.90843105  144.25908            
0.90940786  140.87489            
0.91038467  140.51901            
0.91136147  142.00607            
0.91233828  142.73782            
0.91331509  142.84065            
0.9142919  146.19414            
0.9152687  146.32116            
0.91624551  145.17764            
0.91722232  145.04139            
0.91819913  145.22565            
0.91917594  142.027            
0.92015274  142.87434            
0.92112955  143.12731            
0.92210636  141.67141            
0.92308317  139.24833            
0.92405997  138.06882            
0.92503678  142.0624            
0.92601359  146.97889            
0.9269904  147.0536            
0.9279672  149.67814            
0.92894401  149.83295            
0.92992082  144.15321            
0.93089763  141.60903            
0.93187443  141.71142            
0.93285124  143.38241            
0.93382805  144.99038            
0.93480486  148.00393            
0.93578166  146.93234            
0.93675847  146.9704            
0.93773528  144.82223            
0.93871209  140.60105            
0.93968889  139.28147            
0.9406657  140.99729            
