0  132.5033            
0.00097669131  131.34651            
0.0019533826  128.22629            
0.0029300739  128.84496            
0.0039067652  131.45161            
0.0048834565  131.62472            
0.0058601479  129.81866            
0.0068368392  128.7281            
0.0078135305  129.3322            
0.0087902218  131.1291            
0.0097669131  129.30137            
0.010743604  127.90931            
0.011720296  130.20138            
0.012696987  129.78338            
0.013673678  127.5417            
0.01465037  127.57461            
0.015627061  126.81543            
0.016603752  126.28472            
0.017580444  125.00653            
0.018557135  125.2553            
0.019533826  127.91195            
0.020510517  127.68539            
0.021487209  125.62609            
0.0224639  126.69541            
0.023440591  129.09388            
0.024417283  131.3885            
0.025393974  134.66412            
0.026370665  133.83702            
0.027347357  130.13079            
0.028324048  130.09463            
0.029300739  132.3968            
0.030277431  131.32895            
0.031254122  129.16749            
0.032230813  129.18639            
0.033207505  129.5973            
0.034184196  132.02647            
0.035160887  132.43602            
0.036137578  130.71264            
0.03711427  128.89793            
0.038090961  129.19001            
0.039067652  131.28808            
0.040044344  132.23982            
0.041021035  128.74964            
0.041997726  126.67379            
0.042974418  126.50778            
0.043951109  125.65478            
0.0449278  124.8441            
0.045904492  126.91122            
0.046881183  132.22046            
0.047857874  133.94988            
0.048834565  132.91515            
0.049811257  131.25776            
0.050787948  130.94532            
0.051764639  129.96315            
0.052741331  129.34134            
0.053718022  129.31036            
0.054694713  129.88063            
0.055671405  130.73696            
0.056648096  128.51835            
0.057624787  128.00528            
0.058601479  131.04448            
0.05957817  129.82382            
0.060554861  128.45515            
0.061531552  128.8873            
0.062508244  129.1872            
0.063484935  129.49448            
0.064461626  128.73745            
0.065438318  128.69363            
0.066415009  129.86058            
0.0673917  131.88958            
0.068368392  132.17927            
0.069345083  129.54345            
0.070321774  128.86854            
0.071298466  129.74913            
0.072275157  129.2423            
0.073251848  130.31948            
0.074228539  129.34017            
0.075205231  127.78945            
0.076181922  129.14126            
0.077158613  130.19367            
0.078135305  130.06624            
0.079111996  131.60305            
0.080088687  133.83505            
0.081065379  130.33314            
0.08204207  125.24201            
0.083018761  127.00789            
0.083995453  130.94741            
0.084972144  130.34244            
0.085948835  126.93953            
0.086925527  126.54649            
0.087902218  129.20456            
0.088878909  130.54124            
0.0898556  131.10836            
0.090832292  129.38164            
0.091808983  127.31543            
0.092785674  131.02062            
0.093762366  133.47285            
0.094739057  132.07213            
0.095715748  129.19937            
0.09669244  127.85692            
0.097669131  129.94918            
0.098645822  132.96253            
0.099622514  133.71657            
0.1005992  132.22554            
0.1015759  133.16851            
0.10255259  133.87343            
0.10352928  129.69459            
0.10450597  129.95728            
0.10548266  132.99514            
0.10645935  131.68289            
0.10743604  131.40968            
0.10841274  132.37419            
0.10938943  132.1946            
0.11036612  130.0849            
0.11134281  130.28915            
0.1123195  134.17968            
0.11329619  133.1745            
0.11427288  130.85535            
0.11524957  129.93583            
0.11622627  130.93219            
0.11720296  132.7545            
0.11817965  131.9385            
0.11915634  129.59881            
0.12013303  129.52987            
0.12110972  129.85635            
0.12208641  128.40207            
0.1230631  127.07804            
0.1240398  126.62543            
0.12501649  128.52015            
0.12599318  130            
0.12696987  128.02728            
0.12794656  125.97668            
0.12892325  126.79471            
0.12989994  131.05424            
0.13087664  134.94889            
0.13185333  134.75018            
0.13283002  132.09875            
0.13380671  127.5894            
0.1347834  126.16924            
0.13576009  128.52045            
0.13673678  128.11059            
0.13771347  128.00102            
0.13869017  130.58785            
0.13966686  128.0008            
0.14064355  127.43848            
0.14162024  129.0786            
0.14259693  128.11181            
0.14357362  129.1227            
0.14455031  131.56213            
0.14552701  130.83535            
0.1465037  132.35066            
0.14748039  132.32885            
0.14845708  133.06503            
0.14943377  135.77133            
0.15041046  133.1486            
0.15138715  130.06113            
0.15236384  127.28314            
0.15334054  127.26907            
0.15431723  127.76178            
0.15529392  127.86567            
0.15627061  130.56446            
0.1572473  131.34869            
0.15822399  128.48008            
0.15920068  127.13341            
0.16017737  128.56654            
0.16115407  129.45427            
0.16213076  127.83357            
0.16310745  126.7441            
0.16408414  125.72029            
0.16506083  127.4264            
0.16603752  125.65686            
0.16701421  124.88959            
0.16799091  127.58294            
0.1689676  129.27795            
0.16994429  130.44624            
0.17092098  129.07166            
0.17189767  128.56919            
0.17287436  129.44523            
0.17385105  128.58411            
0.17482774  127.55203            
0.17580444  126.57093            
0.17678113  128.41505            
0.17775782  128.55119            
0.17873451  129.41421            
0.1797112  129.43588            
0.18068789  127.04911            
0.18166458  127.19925            
0.18264127  126.95053            
0.18361797  126.60336            
0.18459466  127.85295            
0.18557135  129.85834            
0.18654804  129.39479            
0.18752473  128.09959            
0.18850142  126.9619            
0.18947811  128.54287            
0.19045481  130.13084            
0.1914315  129.56538            
0.19240819  131.29447            
0.19338488  132.71326            
0.19436157  131.47469            
0.19533826  130.68947            
0.19631495  129.93573            
0.19729164  129.41495            
0.19826834  126.49496            
0.19924503  124.5221            
0.20022172  127.11972            
0.20119841  127.21679            
0.2021751  126.84704            
0.20315179  129.09442            
0.20412848  130.90747            
0.20510517  131.20314            
0.20608187  130.55905            
0.20705856  129.9141            
0.20803525  130.67911            
0.20901194  131.203            
0.20998863  132.1457            
0.21096532  133.43513            
0.21194201  131.27146            
0.21291871  127.49261            
0.2138954  127.36617            
0.21487209  130.1315            
0.21584878  129.4394            
0.21682547  130.01461            
0.21780216  131.39787            
0.21877885  130.45805            
0.21975554  129.71072            
0.22073224  127.56569            
0.22170893  127.26079            
0.22268562  129.95057            
0.22366231  130.20782            
0.224639  130.6211            
0.22561569  130.97459            
0.22659238  131.22093            
0.22756908  128.44611            
0.22854577  126.02516            
0.22952246  128.09208            
0.23049915  132.34769            
0.23147584  132.77761            
0.23245253  131.77754            
0.23342922  133.04151            
0.23440591  133.37847            
0.23538261  132.52108            
0.2363593  130.90176            
0.23733599  131.70526            
0.23831268  132.37534            
0.23928937  131.57283            
0.24026606  133.98975            
0.24124275  135.79781            
0.24221944  133.21556            
0.24319614  132.093            
0.24417283  130.03468            
0.24514952  128.59138            
0.24612621  131.00641            
0.2471029  133.18572            
0.24807959  133.42193            
0.24905628  132.15006            
0.25003298  132.16364            
0.25100967  133.10035            
0.25198636  134.75508            
0.25296305  134.06826            
0.25393974  131.94214            
0.25491643  132.33914            
0.25589312  132.55294            
0.25686981  133.94697            
0.25784651  134.48197            
0.2588232  131.80104            
0.25979989  129.94868            
0.26077658  131.22339            
0.26175327  133.12613            
0.26272996  130.88296            
0.26370665  127.40702            
0.26468334  125.23817            
0.26566004  126.92333            
0.26663673  128.52982            
0.26761342  128.51061            
0.26859011  128.70894            
0.2695668  128.01438            
0.27054349  126.05924            
0.27152018  127.24117            
0.27249688  129.58629            
0.27347357  129.37318            
0.27445026  128.49408            
0.27542695  127.84386            
0.27640364  127.06299            
0.27738033  126.51264            
0.27835702  127.3298            
0.27933371  128.64213            
0.28031041  127.63833            
0.2812871  129.22561            
0.28226379  131.86464            
0.28324048  132.24045            
0.28421717  129.34412            
0.28519386  129.66657            
0.28617055  129.35056            
0.28714724  130.46478            
0.28812394  131.87616            
0.28910063  130.32522            
0.29007732  128.8225            
0.29105401  131.09725            
0.2920307  132.25932            
0.29300739  131.27649            
0.29398408  130.0975            
0.29496078  129.81488            
0.29593747  131.07916            
0.29691416  133.65392            
0.29789085  134.80097            
0.29886754  134.29507            
0.29984423  136.21775            
0.30082092  133.99628            
0.30179761  130.96804            
0.30277431  131.28607            
0.303751  132.3235            
0.30472769  132.07769            
0.30570438  126.65648            
0.30668107  125.87652            
0.30765776  129.80725            
0.30863445  132.41093            
0.30961114  131.1219            
0.31058784  130.64871            
0.31156453  132.19272            
0.31254122  132.87068            
0.31351791  134.31853            
0.3144946  133.10178            
0.31547129  131.31131            
0.31644798  132.61109            
0.31742468  131.19463            
0.31840137  131.71768            
0.31937806  130.84477            
0.32035475  131.71755            
0.32133144  135.53482            
0.32230813  137.37571            
0.32328482  136.92588            
0.32426151  134.65715            
0.32523821  135.30441            
0.3262149  133.3383            
0.32719159  130.14991            
0.32816828  129.18307            
0.32914497  128.29352            
0.33012166  130.32376            
0.33109835  133.19819            
0.33207505  132.80155            
0.33305174  134.72337            
0.33402843  135.34754            
0.33500512  138.03829            
0.33598181  139.32943            
0.3369585  137.81768            
0.33793519  131.9796            
0.33891188  123.05031            
0.33988858  116.34235            
0.34086527  109.52392            
0.34184196  105.70817            
0.34281865  104.1259            
0.34379534  101.94371            
0.34477203  103.0216            
0.34574872  105.8404            
0.34672541  106.21904            
0.34770211  106.9121            
0.3486788  108.12658            
0.34965549  111.95312            
0.35063218  114.76274            
0.35160887  113.72023            
0.35258556  113.19855            
0.35356225  114.98609            
0.35453895  115.34497            
0.35551564  117.32196            
0.35649233  119.84257            
0.35746902  121.9337            
0.35844571  125.81071            
0.3594224  124.98401            
0.36039909  122.85181            
0.36137578  127.68101            
0.36235248  128.47555            
0.36332917  128.51758            
0.36430586  127.60548            
0.36528255  129.83854            
0.36625924  131.1919            
0.36723593  132.02729            
0.36821262  135.9092            
0.36918931  132.43324            
0.37016601  128.35917            
0.3711427  131.68272            
0.37211939  135.02832            
0.37309608  132.01188            
0.37407277  129.80496            
0.37504946  127.60102            
0.37602615  127.08216            
0.37700285  128.4422            
0.37797954  129.95409            
0.37895623  132.72613            
0.37993292  133.1498            
0.38090961  133.69784            
0.3818863  132.30428            
0.38286299  129.80738            
0.38383968  127.88246            
0.38481638  126.54345            
0.38579307  127.67118            
0.38676976  128.02934            
0.38774645  127.74502            
0.38872314  129.08538            
0.38969983  132.99883            
0.39067652  132.62738            
0.39165321  130.75915            
0.39262991  132.25683            
0.3936066  135.02147            
0.39458329  134.87681            
0.39555998  134.09215            
0.39653667  133.53748            
0.39751336  131.85433            
0.39849005  129.34354            
0.39946675  128.93806            
0.40044344  127.92838            
0.40142013  126.61474            
0.40239682  128.96446            
0.40337351  131.52256            
0.4043502  132.86672            
0.40532689  133.91704            
0.40630358  130.89433            
0.40728028  129.00333            
0.40825697  128.68257            
0.40923366  128.58599            
0.41021035  128.5623            
0.41118704  128.17796            
0.41216373  127.61204            
0.41314042  128.08391            
0.41411712  129.37629            
0.41509381  131.51694            
0.4160705  132.09925            
0.41704719  130.65058            
0.41802388  128.68619            
0.41900057  129.12979            
0.41997726  131.01743            
0.42095395  132.50099            
0.42193065  130.88803            
0.42290734  128.93407            
0.42388403  130.04608            
0.42486072  130.72092            
0.42583741  128.54176            
0.4268141  129.22076            
0.42779079  130.50983            
0.42876748  130.60023            
0.42974418  133.52874            
0.43072087  132.6891            
0.43169756  133.61731            
0.43267425  134.60262            
0.43365094  132.17426            
0.43462763  131.07455            
0.43560432  130.67956            
0.43658102  127.24083            
0.43755771  126.16524            
0.4385344  129.84988            
0.43951109  130.03106            
0.44048778  134.3761            
0.44146447  135.97371            
0.44244116  132.0818            
0.44341785  128.46466            
0.44439455  131.90678            
0.44537124  129.95612            
0.44634793  125.45756            
0.44732462  125.88843            
0.44830131  127.2297            
0.449278  128.10497            
0.45025469  129.63267            
0.45123138  131.20233            
0.45220808  132.06104            
0.45318477  131.54566            
0.45416146  130.30902            
0.45513815  131.38684            
0.45611484  129.89734            
0.45709153  126.95977            
0.45806822  128.16068            
0.45904492  131.02239            
0.46002161  130.31811            
0.4609983  128.82573            
0.46197499  131.18312            
0.46295168  132.48197            
0.46392837  131.26247            
0.46490506  132.82307            
0.46588175  131.03919            
0.46685845  129.4848            
0.46783514  130.96042            
0.46881183  131.21971            
0.46978852  130.85373            
0.47076521  129.75235            
0.4717419  131.17142            
0.47271859  129.08306            
0.47369528  127.67533            
0.47467198  130.95661            
0.47564867  131.03872            
0.47662536  129.04197            
0.47760205  130.3083            
0.47857874  131.67701            
0.47955543  133.50479            
0.48053212  132.91143            
0.48150882  129.88121            
0.48248551  127.6795            
0.4834622  128.1059            
0.48443889  130.02482            
0.48541558  131.60593            
0.48639227  134.39928            
0.48736896  134.80109            
0.48834565  134.74574            
0.48932235  135.48673            
0.49029904  135.3878            
0.49127573  134.61623            
0.49225242  130.66117            
0.49322911  129.47492            
0.4942058  130.5461            
0.49518249  130.98916            
0.49615918  128.09973            
0.49713588  126.38816            
0.49811257  128.99726            
0.49908926  131.22288            
0.50006595  130.28033            
0.50104264  128.77683            
0.50201933  127.29169            
0.50299602  128.39273            
0.50397272  130.64372            
0.50494941  128.58974            
0.5059261  125.1545            
0.50690279  120.97796            
0.50787948  123.33812            
0.50885617  122.11183            
0.50983286  117.271            
0.51080955  114.88233            
0.51178625  112.83433            
0.51276294  111.96532            
0.51373963  112.39668            
0.51471632  111.50032            
0.51569301  107.52592            
0.5166697  107.13154            
0.51764639  105.98748            
0.51862309  102.79277            
0.51959978  100.95215            
0.52057647  99.464293            
0.52155316  97.168727            
0.52252985  99.076984            
0.52350654  101.44079            
0.52448323  104.99938            
0.52545992  108.61385            
0.52643662  116.40374            
0.52741331  127.05531            
0.52839  132.87891            
0.52936669  136.56115            
0.53034338  135.70066            
0.53132007  131.99531            
0.53229676  128.47429            
0.53327345  131.96744            
0.53425015  133.62491            
0.53522684  130.68878            
0.53620353  130.90074            
0.53718022  129.19531            
0.53815691  131.05446            
0.5391336  130.23778            
0.54011029  132.07936            
0.54108699  133.78357            
0.54206368  132.351            
0.54304037  134.20635            
0.54401706  134.87168            
0.54499375  133.73607            
0.54597044  133.13538            
0.54694713  132.88707            
0.54792382  129.27874            
0.54890052  130.09518            
0.54987721  131.70271            
0.5508539  131.40705            
0.55183059  131.15885            
0.55280728  133.83444            
0.55378397  134.99357            
0.55476066  132.95164            
0.55573735  129.90641            
0.55671405  130.32959            
0.55769074  132.58646            
0.55866743  130.1552            
0.55964412  128.84667            
0.56062081  128.49614            
0.5615975  128.60622            
0.56257419  129.19256            
0.56355089  130.79478            
0.56452758  134.27179            
0.56550427  136.90571            
0.56648096  135.02027            
0.56745765  132.68593            
0.56843434  132.46935            
0.56941103  131.54504            
0.57038772  131.82445            
0.57136442  132.13247            
0.57234111  133.09159            
0.5733178  131.77446            
0.57429449  129.14202            
0.57527118  128.56025            
0.57624787  125.85263            
0.57722456  126.13503            
0.57820125  129.05561            
0.57917795  128.59665            
0.58015464  127.95844            
0.58113133  126.65435            
0.58210802  127.0279            
0.58308471  127.55595            
0.5840614  126.30638            
0.58503809  128.11281            
0.58601479  133.74782            
0.58699148  133.53124            
0.58796817  129.57879            
0.58894486  129.04445            
0.58992155  128.73736            
0.59089824  129.13696            
0.59187493  131.30797            
0.59285162  130.94455            
0.59382832  130.00721            
0.59480501  130.48695            
0.5957817  128.51199            
0.59675839  127.47396            
0.59773508  131.50675            
0.59871177  132.11218            
0.59968846  131.41559            
0.60066516  131.77681            
0.60164185  131.33079            
0.60261854  133.60164            
0.60359523  133.87895            
0.60457192  130.2357            
0.60554861  129.06726            
0.6065253  128.72776            
0.60750199  129.57825            
0.60847869  132.00849            
0.60945538  133.2289            
0.61043207  132.31771            
0.61140876  130.85473            
0.61238545  131.40464            
0.61336214  130.72557            
0.61433883  128.78404            
0.61531552  129.07629            
0.61629222  129.80932            
0.61726891  132.05325            
0.6182456  130.72041            
0.61922229  128.75148            
0.62019898  129.15313            
0.62117567  130.8808            
0.62215236  129.66482            
0.62312906  128.72196            
0.62410575  130.09757            
0.62508244  130.18144            
0.62605913  128.48641            
0.62703582  127.61486            
0.62801251  129.81062            
0.6289892  128.70705            
0.62996589  126.89846            
0.63094259  128.90253            
0.63191928  132.73864            
0.63289597  132.78504            
0.63387266  130.83507            
0.63484935  128.14434            
0.63582604  127.28918            
0.63680273  130.53845            
0.63777942  134.01928            
0.63875612  134.2442            
0.63973281  129.0454            
0.6407095  129.16263            
0.64168619  131.31007            
0.64266288  132.27712            
0.64363957  130.12983            
0.64461626  129.13602            
0.64559296  131.22963            
0.64656965  130.81403            
0.64754634  133.32453            
0.64852303  135.53177            
0.64949972  132.86971            
0.65047641  132.7326            
0.6514531  134.36082            
0.65242979  135.6921            
0.65340649  138.92498            
0.65438318  137.06604            
0.65535987  134.59773            
0.65633656  136.72839            
0.65731325  140.07794            
0.65828994  138.20045            
0.65926663  127.7155            
0.66024332  116.91265            
0.66122002  111.76585            
0.66219671  109.49688            
0.6631734  105.18649            
0.66415009  105.29002            
0.66512678  106.45619            
0.66610347  105.51791            
0.66708016  103.82691            
0.66805686  106.40276            
0.66903355  107.76974            
0.67001024  107.42496            
0.67098693  107.65376            
0.67196362  112.09675            
0.67294031  114.68949            
0.673917  115.99501            
0.67489369  118.10705            
0.67587039  118.20724            
0.67684708  123.8645            
0.67782377  126.2421            
0.67880046  123.55475            
0.67977715  123.36163            
0.68075384  128.43206            
0.68173053  125.97455            
0.68270723  126.33059            
0.68368392  130.52725            
0.68466061  132.31922            
0.6856373  132.66304            
0.68661399  131.13868            
0.68759068  134.91599            
0.68856737  134.27286            
0.68954406  134.48631            
0.69052076  134.01277            
0.69149745  133.23945            
0.69247414  132.38814            
0.69345083  134.38349            
0.69442752  134.84397            
0.69540421  135.07208            
0.6963809  134.09959            
0.69735759  134.71799            
0.69833429  139.10764            
0.69931098  135.72357            
0.70028767  127.80801            
0.70126436  124.97706            
0.70224105  122.43222            
0.70321774  125.22463            
0.70419443  128.16258            
0.70517113  133.50422            
0.70614782  133.76039            
0.70712451  129.67998            
0.7081012  129.95463            
0.70907789  127.77697            
0.71005458  124.31814            
0.71103127  127.56024            
0.71200796  128.81141            
0.71298466  125.72919            
0.71396135  123.53629            
0.71493804  128.47364            
0.71591473  133.19272            
0.71689142  131.81046            
0.71786811  131.37223            
0.7188448  131.57855            
0.71982149  128.66813            
0.72079819  124.0383            
0.72177488  121.4162            
0.72275157  128.67615            
0.72372826  132.10803            
0.72470495  129.94869            
0.72568164  130.06727            
0.72665833  129.92627            
0.72763503  128.59796            
0.72861172  129.63534            
0.72958841  133.42289            
0.7305651  131.73183            
0.73154179  132.72854            
0.73251848  132.69551            
0.73349517  129.83008            
0.73447186  127.53844            
0.73544856  126.49213            
0.73642525  128.29365            
0.73740194  128.58956            
0.73837863  128.59573            
0.73935532  127.80571            
0.74033201  129.88935            
0.7413087  131.39252            
0.74228539  133.35975            
0.74326209  129.78075            
0.74423878  127.95859            
0.74521547  128.51036            
0.74619216  127.92043            
0.74716885  128.6762            
0.74814554  129.3323            
0.74912223  131.98624            
0.75009893  134.13759            
0.75107562  133.82756            
0.75205231  128.32499            
0.753029  127.48624            
0.75400569  129.34832            
0.75498238  132.08117            
0.75595907  132.79237            
0.75693576  133.67848            
0.75791246  134.03282            
0.75888915  132.89378            
0.75986584  132.18541            
0.76084253  132.7463            
0.76181922  132.9089            
0.76279591  131.5615            
0.7637726  129.65637            
0.76474929  128.88333            
0.76572599  128.69902            
0.76670268  133.35968            
0.76767937  134.38131            
0.76865606  132.25893            
0.76963275  133.57942            
0.77060944  131.52274            
0.77158613  128.89113            
0.77256283  131.59692            
0.77353952  133.08978            
0.77451621  133.41753            
0.7754929  132.73689            
0.77646959  131.91042            
0.77744628  129.86696            
0.77842297  128.30912            
0.77939966  127.88142            
0.78037636  131.53867            
0.78135305  134.773            
0.78232974  133.23128            
0.78330643  129.56862            
0.78428312  128.81351            
0.78525981  133.11258            
0.7862365  134.82054            
0.7872132  132.77264            
0.78818989  130.79553            
0.78916658  129.49213            
0.79014327  132.03808            
0.79111996  131.02232            
0.79209665  131.70916            
0.79307334  135.3695            
0.79405003  134.68075            
0.79502673  129.24463            
0.79600342  132.95392            
0.79698011  133.22842            
0.7979568  130.79349            
0.79893349  130.0308            
0.79991018  128.94626            
0.80088687  128.99964            
0.80186356  128.5497            
0.80284026  129.50536            
0.80381695  127.28668            
0.80479364  127.80491            
0.80577033  129.35969            
0.80674702  131.32334            
0.80772371  131.81596            
0.8087004  128.49689            
0.8096771  127.87437            
0.81065379  132.40837            
0.81163048  134.03393            
0.81260717  131.40553            
0.81358386  128.79457            
0.81456055  126.76337            
0.81553724  130.68254            
0.81651393  136.5622            
0.81749063  132.98302            
0.81846732  129.84905            
0.81944401  129.09347            
0.8204207  130.1506            
0.82139739  131.60515            
0.82237408  130.54648            
0.82335077  127.88032            
0.82432746  128.72094            
0.82530416  131.44789            
0.82628085  127.51666            
0.82725754  124.00092            
0.82823423  125.51326            
0.82921092  122.78821            
0.83018761  121.69416            
0.8311643  115.78687            
0.832141  110.93984            
0.83311769  109.3638            
0.83409438  108.75717            
0.83507107  108.45455            
0.83604776  107.2724            
0.83702445  105.63623            
0.83800114  106.79027            
0.83897783  105.33134            
0.83995453  101.75615            
0.84093122  99.575678            
0.84190791  98.362506            
0.8428846  98.606638            
0.84386129  104.86135            
0.84483798  115.47085            
0.84581467  119.38756            
0.84679136  120.90785            
0.84776806  124.1897            
0.84874475  130.50302            
0.84972144  132.45115            
0.85069813  130.41561            
0.85167482  132.03939            
0.85265151  133.88277            
0.8536282  134.24296            
0.8546049  137.43572            
0.85558159  136.3775            
0.85655828  133.25963            
0.85753497  128.15615            
0.85851166  126.57567            
0.85948835  128.70655            
0.86046504  128.96537            
0.86144173  129.55388            
0.86241843  128.90706            
0.86339512  128.24188            
0.86437181  129.58382            
0.8653485  128.86756            
0.86632519  131.71919            
0.86730188  131.49901            
0.86827857  126.9411            
0.86925527  126.82976            
0.87023196  129.89627            
0.87120865  132.22022            
0.87218534  132.26742            
0.87316203  131.1449            
0.87413872  131.40053            
0.87511541  131.48325            
0.8760921  130.93625            
0.8770688  129.93127            
0.87804549  129.17785            
0.87902218  130.71221            
0.87999887  131.42279            
0.88097556  132.46562            
0.88195225  133.36625            
0.88292894  132.32071            
0.88390563  132.40185            
0.88488233  131.56356            
0.88585902  129.09912            
0.88683571  130.26432            
0.8878124  134.70543            
0.88878909  132.74954            
0.88976578  131.12273            
0.89074247  130.69159            
0.89171917  131.2523            
0.89269586  130.41046            
0.89367255  128.34875            
0.89464924  130.2138            
0.89562593  133.29404            
0.89660262  133.13697            
0.89757931  131.8981            
0.898556  129.76262            
0.8995327  130.13809            
0.90050939  129.8683            
0.90148608  129.64003            
0.90246277  130.40435            
0.90343946  134.4186            
0.90441615  136.79541            
0.90539284  137.20925            
0.90636953  134.68496            
0.90734623  131.11518            
0.90832292  130.43057            
0.90929961  132.91402            
0.9102763  137.57072            
0.91125299  133.85235            
0.91222968  131.5155            
0.91320637  132.1873            
0.91418307  131.21783            
0.91515976  130.87823            
0.91613645  132.35475            
0.91711314  131.94986            
0.91808983  128.98515            
0.91906652  128.55673            
0.92004321  130.63724            
0.9210199  130.28323            
0.9219966  131.39559            
0.92297329  131.62732            
0.92394998  131.79288            
0.92492667  133.35713            
0.92590336  135.23363            
0.92688005  133.4075            
0.92785674  132.27498            
0.92883343  130.72887            
0.92981013  127.96015            
0.93078682  130.64491            
0.93176351  130.32196            
0.9327402  128.93138            
0.93371689  129.90403            
0.93469358  129.21732            
0.93567027  132.22475            
0.93664697  130.07049            
0.93762366  126.28855            
0.93860035  129.38358            
0.93957704  133.00348            
