0  161.90726            
0.00097631863  158.46211            
0.0019526373  159.14888            
0.0029289559  144.09902            
0.0039052745  146.29599            
0.0048815932  143.86818            
0.0058579118  146.8015            
0.0068342304  150.28058            
0.0078105491  159.02419            
0.0087868677  159.10449            
0.0097631863  157.58854            
0.010739505  153.02709            
0.011715824  152.1256            
0.012692142  154.05943            
0.013668461  151.03526            
0.014644779  161.45091            
0.015621098  160.14612            
0.016597417  152.27028            
0.017573735  148.72834            
0.018550054  145.90284            
0.019526373  150.47191            
0.020502691  150.42416            
0.02147901  148.32264            
0.022455329  136.39981            
0.023431647  145.37045            
0.024407966  151.89953            
0.025384284  156.14067            
0.026360603  163.36123            
0.027336922  156.78401            
0.02831324  163.07246            
0.029289559  155.52191            
0.030265878  158.92042            
0.031242196  154.2971            
0.032218515  150.40187            
0.033194833  157.45283            
0.034171152  161.95476            
0.035147471  157.79557            
0.036123789  155.87321            
0.037100108  152.61117            
0.038076427  148.7192            
0.039052745  154.92255            
0.040029064  163.17258            
0.041005383  161.6113            
0.041981701  154.66215            
0.04295802  152.25557            
0.043934338  154.75627            
0.044910657  161.00005            
0.045886976  165.61081            
0.046863294  159.3314            
0.047839613  160.45965            
0.048815932  151.57076            
0.04979225  155.19381            
0.050768569  150.31873            
0.051744887  145.86321            
0.052721206  152.97868            
0.053697525  159.68445            
0.054673843  155.72263            
0.055650162  146.04551            
0.056626481  157.91092            
0.057602799  158.40094            
0.058579118  154.76011            
0.059555437  160.65902            
0.060531755  160.06998            
0.061508074  159.64171            
0.062484392  152.43865            
0.063460711  147.01313            
0.06443703  152.03415            
0.065413348  157.1758            
0.066389667  150.07702            
0.067365986  158.72759            
0.068342304  160.76119            
0.069318623  163.00407            
0.070294941  165.77989            
0.07127126  169.92957            
0.072247579  154.82254            
0.073223897  148.07932            
0.074200216  149.60898            
0.075176535  139.92961            
0.076152853  147.43787            
0.077129172  148.02454            
0.078105491  157.44531            
0.079081809  165.68346            
0.080058128  156.63721            
0.081034446  153.39221            
0.082010765  149.35785            
0.082987084  140.25899            
0.083963402  139.15296            
0.084939721  144.65873            
0.08591604  160.35293            
0.086892358  160.44021            
0.087868677  156.54145            
0.088844996  163.87427            
0.089821314  170.53606            
0.090797633  165.81439            
0.091773951  160.723            
0.09275027  165.56447            
0.093726589  157.41924            
0.094702907  154.90882            
0.095679226  155.4259            
0.096655545  148.56197            
0.097631863  149.84431            
0.098608182  157.43756            
0.0995845  161.1284            
0.10056082  158.88655            
0.10153714  149.4772            
0.10251346  149.20348            
0.10348977  148.49643            
0.10446609  145.82193            
0.10544241  142.61799            
0.10641873  145.09373            
0.10739505  154.37026            
0.10837137  150.5495            
0.10934769  147.59387            
0.11032401  154.30915            
0.11130032  150.71152            
0.11227664  153.0516            
0.11325296  158.71903            
0.11422928  165.75375            
0.1152056  156.25153            
0.11618192  151.92145            
0.11715824  152.99373            
0.11813455  151.27699            
0.11911087  157.98341            
0.12008719  158.10092            
0.12106351  160.33443            
0.12203983  154.53166            
0.12301615  155.20815            
0.12399247  159.11517            
0.12496878  159.71166            
0.1259451  157.83012            
0.12692142  163.73112            
0.12789774  150.3464            
0.12887406  155.33069            
0.12985038  150.9057            
0.1308267  148.37366            
0.13180302  154.11266            
0.13277933  153.22644            
0.13375565  155.50538            
0.13473197  157.58458            
0.13570829  153.46381            
0.13668461  151.34697            
0.13766093  156.16686            
0.13863725  149.19914            
0.13961356  155.71987            
0.14058988  154.30842            
0.1415662  142.98066            
0.14254252  140.66074            
0.14351884  143.31953            
0.14449516  150.77943            
0.14547148  146.90621            
0.14644779  150.79238            
0.14742411  149.38403            
0.14840043  154.85998            
0.14937675  148.02671            
0.15035307  141.95185            
0.15132939  151.59958            
0.15230571  154.81254            
0.15328203  156.142            
0.15425834  165.96787            
0.15523466  157.66824            
0.15621098  152.64267            
0.1571873  159.27212            
0.15816362  161.13726            
0.15913994  155.92162            
0.16011626  162.47198            
0.16109257  156.88985            
0.16206889  149.42706            
0.16304521  157.28458            
0.16402153  144.47309            
0.16499785  140.48945            
0.16597417  154.13407            
0.16695049  165.93725            
0.1679268  169.41587            
0.16890312  162.64865            
0.16987944  158.8098            
0.17085576  158.8779            
0.17183208  154.49052            
0.1728084  149.79215            
0.17378472  155.15975            
0.17476104  151.70167            
0.17573735  151.5172            
0.17671367  153.72615            
0.17768999  148.10905            
0.17866631  147.34204            
0.17964263  156.48613            
0.18061895  158.41662            
0.18159527  152.51483            
0.18257158  155.5881            
0.1835479  156.38123            
0.18452422  155.03551            
0.18550054  152.92226            
0.18647686  152.28117            
0.18745318  152.97026            
0.1884295  154.74097            
0.18940581  144.44828            
0.19038213  149.66564            
0.19135845  151.7685            
0.19233477  155.26709            
0.19331109  163.60466            
0.19428741  164.04344            
0.19526373  157.76008            
0.19624005  152.33946            
0.19721636  158.1019            
0.19819268  151.94652            
0.199169  162.51919            
0.20014532  159.02494            
0.20112164  148.05715            
0.20209796  146.51843            
0.20307428  153.01379            
0.20405059  155.70509            
0.20502691  152.92277            
0.20600323  160.38802            
0.20697955  156.31989            
0.20795587  158.70368            
0.20893219  145.93153            
0.20990851  142.32168            
0.21088482  147.10033            
0.21186114  157.25582            
0.21283746  160.07253            
0.21381378  160.33126            
0.2147901  155.08124            
0.21576642  152.7936            
0.21674274  151.95471            
0.21771905  172.57924            
0.21869537  172.49547            
0.21967169  160.82022            
0.22064801  164.24988            
0.22162433  158.00708            
0.22260065  155.24314            
0.22357697  155.00414            
0.22455329  151.58792            
0.2255296  149.96985            
0.22650592  153.33587            
0.22748224  160.24246            
0.22845856  157.22905            
0.22943488  159.92304            
0.2304112  155.53098            
0.23138752  156.51677            
0.23236383  159.60556            
0.23334015  154.97665            
0.23431647  161.18976            
0.23529279  163.63132            
0.23626911  164.28975            
0.23724543  155.28249            
0.23822175  156.83009            
0.23919806  167.73025            
0.24017438  169.87513            
0.2411507  161.08988            
0.24212702  153.15851            
0.24310334  162.3208            
0.24407966  166.0408            
0.24505598  156.56561            
0.2460323  157.54491            
0.24700861  158.63729            
0.24798493  163.5427            
0.24896125  166.4098            
0.24993757  158.39864            
0.25091389  163.42173            
0.25189021  161.19137            
0.25286653  149.71702            
0.25384284  146.14406            
0.25481916  151.42688            
0.25579548  144.19686            
0.2567718  147.32329            
0.25774812  148.64114            
0.25872444  151.12913            
0.25970076  152.9727            
0.26067707  150.04209            
0.26165339  165.0987            
0.26262971  162.90808            
0.26360603  164.66912            
0.26458235  159.46019            
0.26555867  161.71002            
0.26653499  157.13317            
0.26751131  152.00966            
0.26848762  156.10351            
0.26946394  157.93772            
0.27044026  160.50974            
0.27141658  153.32636            
0.2723929  154.58213            
0.27336922  156.69178            
0.27434554  167.62811            
0.27532185  169.19364            
0.27629817  164.64243            
0.27727449  166.41247            
0.27825081  160.98829            
0.27922713  157.06172            
0.28020345  154.70757            
0.28117977  157.85784            
0.28215608  162.99224            
0.2831324  162.15595            
0.28410872  156.37406            
0.28508504  159.01443            
0.28606136  170.69301            
0.28703768  161.90533            
0.288014  160.71711            
0.28899032  164.00465            
0.28996663  164.08044            
0.29094295  169.28057            
0.29191927  161.62907            
0.29289559  159.45749            
0.29387191  154.95157            
0.29484823  158.31417            
0.29582455  159.12601            
0.29680086  153.21087            
0.29777718  164.4464            
0.2987535  150.444            
0.29972982  145.54883            
0.30070614  150.92038            
0.30168246  158.26316            
0.30265878  166.63578            
0.30363509  164.43695            
0.30461141  162.9952            
0.30558773  161.80759            
0.30656405  153.95601            
0.30754037  161.49715            
0.30851669  152.15645            
0.30949301  146.34485            
0.31046932  157.47443            
0.31144564  170.33704            
0.31242196  171.15784            
0.31339828  159.21217            
0.3143746  153.7649            
0.31535092  157.8451            
0.31632724  155.02002            
0.31730356  155.60114            
0.31827987  161.95047            
0.31925619  160.89037            
0.32023251  158.28558            
0.32120883  157.83333            
0.32218515  154.22558            
0.32316147  158.772            
0.32413779  163.4349            
0.3251141  157.16418            
0.32609042  156.78219            
0.32706674  166.88078            
0.32804306  159.20198            
0.32901938  163.6741            
0.3299957  176.08143            
0.33097202  166.89759            
0.33194833  164.92856            
0.33292465  164.3012            
0.33390097  180.74872            
0.33487729  185.44165            
0.33585361  189.14357            
0.33682993  196.55013            
0.33780625  201.18862            
0.33878257  182.58745            
0.33975888  156.84713            
0.3407352  131.81568            
0.34171152  116.67438            
0.34268784  109.72054            
0.34366416  108.76667            
0.34464048  109.35242            
0.3456168  111.80338            
0.34659311  112.92953            
0.34756943  116.40872            
0.34854575  115.01372            
0.34952207  126.57979            
0.35049839  122.6548            
0.35147471  131.65348            
0.35245103  140.13272            
0.35342734  136.32126            
0.35440366  131.91063            
0.35537998  141.497            
0.3563563  147.21987            
0.35733262  146.71152            
0.35830894  146.54346            
0.35928526  152.72748            
0.36026158  151.20373            
0.36123789  161.12371            
0.36221421  157.35845            
0.36319053  159.49724            
0.36416685  159.46907            
0.36514317  158.7074            
0.36611949  169.21985            
0.36709581  162.58902            
0.36807212  159.25714            
0.36904844  159.67257            
0.37002476  164.44041            
0.37100108  162.79756            
0.3719774  157.33602            
0.37295372  159.68264            
0.37393004  151.81696            
0.37490635  147.35864            
0.37588267  151.31783            
0.37685899  153.87973            
0.37783531  157.78258            
0.37881163  165.19532            
0.37978795  157.39121            
0.38076427  166.90863            
0.38174059  150.82122            
0.3827169  154.08043            
0.38369322  163.41576            
0.38466954  167.4148            
0.38564586  164.32768            
0.38662218  165.54618            
0.3875985  158.86767            
0.38857482  155.12692            
0.38955113  151.96722            
0.39052745  150.95822            
0.39150377  150.00754            
0.39248009  159.12047            
0.39345641  169.79615            
0.39443273  162.14437            
0.39540905  158.53392            
0.39638536  158.9687            
0.39736168  150.39553            
0.398338  155.53008            
0.39931432  163.86877            
0.40029064  158.98596            
0.40126696  159.44569            
0.40224328  158.56769            
0.40321959  153.00688            
0.40419591  153.34413            
0.40517223  148.92052            
0.40614855  146.80653            
0.40712487  141.58111            
0.40810119  154.82638            
0.40907751  165.45986            
0.41005383  154.77834            
0.41103014  156.11057            
0.41200646  151.9039            
0.41298278  149.34711            
0.4139591  153.9755            
0.41493542  162.97196            
0.41591174  162.80309            
0.41688806  164.9984            
0.41786437  154.91196            
0.41884069  150.75195            
0.41981701  141.62395            
0.42079333  158.6413            
0.42176965  163.58295            
0.42274597  155.97054            
0.42372229  154.40707            
0.4246986  151.04242            
0.42567492  161.57475            
0.42665124  153.01738            
0.42762756  152.65381            
0.42860388  157.79473            
0.4295802  157.74522            
0.43055652  156.65752            
0.43153284  162.96126            
0.43250915  170.93629            
0.43348547  154.94151            
0.43446179  152.85834            
0.43543811  149.18662            
0.43641443  157.6787            
0.43739075  164.55086            
0.43836707  163.72764            
0.43934338  148.43758            
0.4403197  146.26456            
0.44129602  146.26376            
0.44227234  159.56919            
0.44324866  163.14605            
0.44422498  156.73721            
0.4452013  155.4239            
0.44617761  166.13177            
0.44715393  159.61439            
0.44813025  166.12503            
0.44910657  170.74336            
0.45008289  154.86871            
0.45105921  161.60865            
0.45203553  167.17206            
0.45301185  162.75271            
0.45398816  164.86332            
0.45496448  159.35084            
0.4559408  166.52426            
0.45691712  166.01949            
0.45789344  166.592            
0.45886976  153.5292            
0.45984608  154.8379            
0.46082239  161.99281            
0.46179871  160.48253            
0.46277503  157.41648            
0.46375135  149.2416            
0.46472767  147.23952            
0.46570399  148.77912            
0.46668031  153.63603            
0.46765662  164.69001            
0.46863294  160.50719            
0.46960926  162.45023            
0.47058558  158.75662            
0.4715619  159.67652            
0.47253822  154.01607            
0.47351454  157.25372            
0.47449086  157.66279            
0.47546717  151.09788            
0.47644349  160.64091            
0.47741981  152.99035            
0.47839613  156.29155            
0.47937245  161.90946            
0.48034877  154.2336            
0.48132509  155.06213            
0.4823014  164.87021            
0.48327772  176.94113            
0.48425404  166.2088            
0.48523036  162.46748            
0.48620668  160.79885            
0.487183  167.46447            
0.48815932  165.26132            
0.48913563  167.00393            
0.49011195  169.47374            
0.49108827  165.26806            
0.49206459  165.00335            
0.49304091  165.46214            
0.49401723  157.8667            
0.49499355  170.74569            
0.49596987  164.67629            
0.49694618  152.40832            
0.4979225  142.76283            
0.49889882  157.72424            
0.49987514  154.99604            
0.50085146  150.9603            
0.50182778  148.48389            
0.5028041  150.73498            
0.50378041  148.2275            
0.50475673  148.49104            
0.50573305  142.51612            
0.50670937  139.48213            
0.50768569  126.73137            
0.50866201  127.20157            
0.50963833  116.44631            
0.51061464  113.22332            
0.51159096  111.46118            
0.51256728  98.213659            
0.5135436  93.971032            
0.51451992  100.7352            
0.51549624  89.224807            
0.51647256  86.255347            
0.51744887  85.99943            
0.51842519  77.184699            
0.51940151  78.970279            
0.52037783  79.481561            
0.52135415  61.987415            
0.52233047  58.245371            
0.52330679  67.738174            
0.52428311  73.493936            
0.52525942  73.227019            
0.52623574  79.934674            
0.52721206  99.857389            
0.52818838  130.08742            
0.5291647  154.1343            
0.53014102  156.43139            
0.53111734  154.6927            
0.53209365  153.18139            
0.53306997  157.45778            
0.53404629  165.46285            
0.53502261  167.72021            
0.53599893  159.50611            
0.53697525  157.98563            
0.53795157  151.55155            
0.53892788  143.03185            
0.5399042  150.67893            
0.54088052  150.48334            
0.54185684  169.41486            
0.54283316  163.81054            
0.54380948  156.00878            
0.5447858  161.45801            
0.54576212  160.01074            
0.54673843  156.25451            
0.54771475  154.99505            
0.54869107  152.73362            
0.54966739  153.97515            
0.55064371  145.28594            
0.55162003  143.48975            
0.55259635  152.18423            
0.55357266  150.26667            
0.55454898  150.73989            
0.5555253  158.89864            
0.55650162  162.49012            
0.55747794  170.46542            
0.55845426  168.79916            
0.55943058  167.29318            
0.56040689  165.54446            
0.56138321  157.8172            
0.56235953  160.94119            
0.56333585  158.06337            
0.56431217  169.12874            
0.56528849  162.8382            
0.56626481  159.06813            
0.56724113  158.74094            
0.56821744  157.95953            
0.56919376  155.53583            
0.57017008  149.08728            
0.5711464  150.95125            
0.57212272  159.36354            
0.57309904  161.95005            
0.57407536  168.15076            
0.57505167  157.89141            
0.57602799  154.55899            
0.57700431  163.12991            
0.57798063  165.72768            
0.57895695  160.80901            
0.57993327  151.8876            
0.58090959  146.07152            
0.5818859  150.15674            
0.58286222  159.349            
0.58383854  165.89011            
0.58481486  160.61219            
0.58579118  155.59806            
0.5867675  153.05146            
0.58774382  168.7277            
0.58872014  166.04055            
0.58969645  153.21782            
0.59067277  149.04585            
0.59164909  156.36115            
0.59262541  161.16436            
0.59360173  155.62238            
0.59457805  168.76313            
0.59555437  174.65913            
0.59653068  165.48988            
0.597507  162.35299            
0.59848332  163.23551            
0.59945964  161.53317            
0.60043596  170.07715            
0.60141228  166.34123            
0.6023886  153.25173            
0.60336491  162.76595            
0.60434123  167.63911            
0.60531755  164.33362            
0.60629387  171.59609            
0.60727019  179.1192            
0.60824651  160.93167            
0.60922283  167.10427            
0.61019914  150.40841            
0.61117546  153.94674            
0.61215178  153.53784            
0.6131281  160.56131            
0.61410442  156.80774            
0.61508074  161.8682            
0.61605706  154.93415            
0.61703338  150.35556            
0.61800969  154.12423            
0.61898601  164.95561            
0.61996233  162.08477            
0.62093865  162.23459            
0.62191497  156.877            
0.62289129  164.05296            
0.62386761  160.10852            
0.62484392  158.7647            
0.62582024  161.90254            
0.62679656  153.97473            
0.62777288  152.52449            
0.6287492  156.14142            
0.62972552  165.98274            
0.63070184  160.4644            
0.63167815  154.41032            
0.63265447  153.71682            
0.63363079  151.76748            
0.63460711  151.70839            
0.63558343  158.5254            
0.63655975  167.95905            
0.63753607  168.51683            
0.63851239  163.63776            
0.6394887  166.89742            
0.64046502  162.41865            
0.64144134  168.56768            
0.64241766  166.58303            
0.64339398  174.02745            
0.6443703  167.68807            
0.64534662  162.63068            
0.64632293  157.12389            
0.64729925  156.00325            
0.64827557  169.77836            
0.64925189  164.42934            
0.65022821  157.70354            
0.65120453  164.00991            
0.65218085  171.98674            
0.65315716  176.36367            
0.65413348  170.92484            
0.6551098  178.68815            
0.65608612  183.0831            
0.65706244  185.39479            
0.65803876  182.09682            
0.65901508  178.615            
0.6599914  157.51504            
0.66096771  137.70879            
0.66194403  141.59687            
0.66292035  119.85286            
0.66389667  108.38374            
0.66487299  105.56865            
0.66584931  106.66861            
0.66682563  107.43876            
0.66780194  102.6594            
0.66877826  115.96123            
0.66975458  118.65046            
0.6707309  123.07163            
0.67170722  125.43563            
0.67268354  125.96729            
0.67365986  124.57663            
0.67463617  130.29114            
0.67561249  124.99224            
0.67658881  133.11353            
0.67756513  147.18161            
0.67854145  153.30228            
0.67951777  154.26049            
0.68049409  143.20457            
0.68147041  149.42271            
0.68244672  149.51255            
0.68342304  151.6288            
0.68439936  164.43389            
0.68537568  164.53183            
0.686352  162.3181            
0.68732832  165.33343            
0.68830464  168.60881            
0.68928095  167.07688            
0.69025727  157.44136            
0.69123359  157.94178            
0.69220991  162.05793            
0.69318623  157.24248            
0.69416255  154.63735            
0.69513887  154.51842            
0.69611518  167.8723            
0.6970915  165.61399            
0.69806782  159.98822            
0.69904414  166.44648            
0.70002046  171.56794            
0.70099678  163.17613            
0.7019731  165.38081            
0.70294941  160.48376            
0.70392573  168.59623            
0.70490205  156.87324            
0.70587837  156.25578            
0.70685469  160.51361            
0.70783101  167.66711            
0.70880733  167.52894            
0.70978365  165.11612            
0.71075996  162.38372            
0.71173628  173.21527            
0.7127126  180.00158            
0.71368892  166.25362            
0.71466524  175.5128            
0.71564156  157.27101            
0.71661788  147.92903            
0.71759419  142.50205            
0.71857051  150.52902            
0.71954683  156.91077            
0.72052315  159.62118            
0.72149947  161.14275            
0.72247579  166.22684            
0.72345211  164.85771            
0.72442842  171.403            
0.72540474  161.79366            
0.72638106  151.0284            
0.72735738  155.00474            
0.7283337  161.40905            
0.72931002  168.36648            
0.73028634  155.02274            
0.73126266  161.83093            
0.73223897  164.38105            
0.73321529  173.02118            
0.73419161  160.98983            
0.73516793  149.85361            
0.73614425  154.21641            
0.73712057  150.0189            
0.73809689  147.17561            
0.7390732  151.94543            
0.74004952  149.63882            
0.74102584  145.24919            
0.74200216  149.9535            
0.74297848  157.08597            
0.7439548  150.44106            
0.74493112  149.53289            
0.74590743  146.87836            
0.74688375  143.4242            
0.74786007  141.81096            
0.74883639  148.07551            
0.74981271  160.46942            
0.75078903  153.22984            
0.75176535  155.57727            
0.75274167  160.69853            
0.75371798  156.76233            
0.7546943  153.43106            
0.75567062  149.72386            
0.75664694  153.0053            
0.75762326  155.35074            
0.75859958  151.74919            
0.7595759  157.80378            
0.76055221  157.56164            
0.76152853  157.76437            
0.76250485  157.74006            
0.76348117  159.11931            
0.76445749  158.50087            
0.76543381  162.68477            
0.76641013  166.03972            
0.76738644  162.24421            
0.76836276  155.45371            
0.76933908  156.61921            
0.7703154  160.96303            
0.77129172  167.80815            
0.77226804  161.70492            
0.77324436  158.43075            
0.77422068  168.76418            
0.77519699  161.79191            
0.77617331  165.69261            
0.77714963  175.57535            
0.77812595  169.21786            
0.77910227  157.5112            
0.78007859  153.22187            
0.78105491  155.33977            
0.78203122  171.13682            
0.78300754  169.94966            
0.78398386  163.69312            
0.78496018  167.70214            
0.7859365  156.36296            
0.78691282  156.42128            
0.78788914  158.79954            
0.78886545  155.28889            
0.78984177  166.67467            
0.79081809  167.30272            
0.79179441  171.45207            
0.79277073  159.68092            
0.79374705  156.41926            
0.79472337  160.21503            
0.79569968  169.81375            
0.796676  168.64788            
0.79765232  167.35152            
0.79862864  162.37143            
0.79960496  161.80275            
0.80058128  164.32727            
0.8015576  162.42023            
0.80253392  153.89769            
0.80351023  167.65145            
0.80448655  166.23803            
0.80546287  159.27455            
0.80643919  171.25708            
0.80741551  165.06465            
0.80839183  163.77984            
0.80936815  163.26351            
0.81034446  166.72424            
0.81132078  169.08658            
0.8122971  166.50155            
0.81327342  172.31583            
0.81424974  172.11491            
0.81522606  173.64964            
0.81620238  179.07336            
0.81717869  181.60688            
0.81815501  174.61799            
0.81913133  163.1626            
0.82010765  159.2251            
0.82108397  144.91278            
0.82206029  150.65625            
0.82303661  157.03453            
0.82401293  153.79203            
0.82498924  142.63319            
0.82596556  141.97034            
0.82694188  136.03688            
0.8279182  135.51866            
0.82889452  145.89095            
0.82987084  134.59095            
0.83084716  119.94234            
0.83182347  115.06712            
0.83279979  110.59727            
0.83377611  107.50286            
0.83475243  107.26931            
0.83572875  104.76852            
0.83670507  94.196691            
0.83768139  84.068998            
0.8386577  81.405736            
0.83963402  77.563688            
0.84061034  73.349675            
0.84158666  65.897008            
0.84256298  70.295101            
0.8435393  68.891962            
0.84451562  65.779352            
0.84549194  67.115788            
0.84646825  89.485047            
0.84744457  109.15673            
0.84842089  146.03395            
0.84939721  168.03582            
0.85037353  172.97239            
0.85134985  164.1233            
0.85232617  160.31957            
0.85330248  159.81653            
0.8542788  148.56179            
0.85525512  151.81872            
0.85623144  153.15972            
0.85720776  145.46319            
0.85818408  152.25934            
0.8591604  150.02039            
0.86013671  151.83483            
0.86111303  151.78339            
0.86208935  154.72771            
0.86306567  150.2101            
0.86404199  144.70872            
0.86501831  156.3103            
0.86599463  157.25647            
0.86697095  154.0431            
0.86794726  147.61609            
0.86892358  149.93793            
0.8698999  159.57122            
0.87087622  152.76093            
0.87185254  163.37691            
0.87282886  160.62881            
0.87380518  156.1607            
0.87478149  163.70429            
0.87575781  156.08926            
0.87673413  158.204            
0.87771045  165.07781            
0.87868677  165.73801            
0.87966309  161.65067            
0.88063941  150.55316            
0.88161572  154.94109            
0.88259204  161.8503            
0.88356836  153.62504            
0.88454468  148.19066            
0.885521  150.69824            
0.88649732  153.06302            
0.88747364  156.87261            
0.88844996  159.7325            
0.88942627  153.20258            
0.89040259  154.74755            
0.89137891  165.40928            
0.89235523  164.4781            
0.89333155  162.21739            
0.89430787  158.59652            
0.89528419  155.54306            
0.8962605  155.0182            
0.89723682  146.65542            
0.89821314  156.14959            
0.89918946  166.953            
0.90016578  165.7413            
0.9011421  165.94408            
0.90211842  170.07966            
0.90309473  160.11654            
0.90407105  158.98481            
0.90504737  160.32062            
0.90602369  168.84268            
0.90700001  163.22679            
0.90797633  160.47985            
0.90895265  162.48896            
0.90992896  162.96714            
0.91090528  161.88312            
0.9118816  150.26037            
0.91285792  160.70915            
0.91383424  155.06256            
0.91481056  156.73644            
0.91578688  149.82904            
0.9167632  144.05312            
0.91773951  152.68873            
0.91871583  153.97306            
0.91969215  169.72986            
0.92066847  164.79585            
0.92164479  153.2291            
0.92262111  143.69517            
0.92359743  157.54053            
0.92457374  156.11643            
0.92555006  145.87339            
0.92652638  144.93862            
0.9275027  156.64653            
0.92847902  156.85857            
0.92945534  155.16203            
0.93043166  144.23216            
0.93140797  149.69931            
0.93238429  153.83731            
0.93336061  152.67462            
0.93433693  148.7066            
0.93531325  146.88657            
0.93628957  147.64164            
0.93726589  151.77212            
0.93824221  149.13513            
0.93921852  158.11731            
