0  115.1991            
0.00097631863  116.07336            
0.0019526373  113.44654            
0.0029289559  114.58651            
0.0039052745  113.6278            
0.0048815932  114.56244            
0.0058579118  115.03249            
0.0068342304  115.31494            
0.0078105491  115.66099            
0.0087868677  114.94168            
0.0097631863  114.40594            
0.010739505  113.6212            
0.011715824  112.74457            
0.012692142  113.13302            
0.013668461  115.75181            
0.014644779  115.62314            
0.015621098  114.68806            
0.016597417  114.25543            
0.017573735  114.03133            
0.018550054  112.50362            
0.019526373  112.59849            
0.020502691  113.27975            
0.02147901  113.75115            
0.022455329  115.47126            
0.023431647  115.31186            
0.024407966  115.75181            
0.025384284  115.56338            
0.026360603  114.349            
0.027336922  114.87458            
0.02831324  113.93787            
0.029289559  113.94131            
0.030265878  116.66415            
0.031242196  114.06834            
0.032218515  113.12434            
0.033194833  115.84408            
0.034171152  116.28062            
0.035147471  114.99866            
0.036123789  116.78327            
0.037100108  117.00724            
0.038076427  116.85322            
0.039052745  115.69015            
0.040029064  115.4319            
0.041005383  116.75181            
0.041981701  116.44717            
0.04295802  114.36962            
0.043934338  115.06598            
0.044910657  114.04821            
0.045886976  116.34528            
0.046863294  116.75914            
0.047839613  115.2114            
0.048815932  116.72928            
0.04979225  116.53969            
0.050768569  116.63238            
0.051744887  115.78139            
0.052721206  115.88107            
0.053697525  115.02946            
0.054673843  115.30784            
0.055650162  115.66296            
0.056626481  115.08866            
0.057602799  115.78102            
0.058579118  115.94086            
0.059555437  115.6435            
0.060531755  116.75181            
0.061508074  116.81057            
0.062484392  117.13899            
0.063460711  115.90687            
0.06443703  113.45768            
0.065413348  115.08697            
0.066389667  115.60689            
0.067365986  114.55439            
0.068342304  115.02853            
0.069318623  115.21973            
0.070294941  115.14367            
0.07127126  116.28377            
0.072247579  116.24664            
0.073223897  114.41913            
0.074200216  115.6955            
0.075176535  115.36862            
0.076152853  116.28346            
0.077129172  116.30621            
0.078105491  114.94878            
0.079081809  116.19408            
0.080058128  113.99704            
0.081034446  115.94456            
0.082010765  115.22461            
0.082987084  112.91641            
0.083963402  112.38747            
0.084939721  113.66925            
0.08591604  115.13785            
0.086892358  116.19349            
0.087868677  115.72452            
0.088844996  115.55886            
0.089821314  116.00644            
0.090797633  115.94501            
0.091773951  115.46934            
0.09275027  115.30293            
0.093726589  115.50722            
0.094702907  113.76726            
0.095679226  115.94642            
0.096655545  115.34169            
0.097631863  114.16078            
0.098608182  115.38919            
0.0995845  114.68373            
0.10056082  116.24819            
0.10153714  116.1161            
0.10251346  114.90027            
0.10348977  114.1593            
0.10446609  115.42415            
0.10544241  114.88419            
0.10641873  116.13854            
0.10739505  117.46532            
0.10837137  119.12474            
0.10934769  117.90203            
0.11032401  117.07909            
0.11130032  117.57619            
0.11227664  116            
0.11325296  115.97358            
0.11422928  115.4862            
0.1152056  113.4476            
0.11618192  115.37638            
0.11715824  116.4201            
0.11813455  115.70108            
0.11911087  115.28073            
0.12008719  115.27424            
0.12106351  113.29928            
0.12203983  113.72669            
0.12301615  113.57951            
0.12399247  114.30614            
0.12496878  114.78325            
0.1259451  115.15067            
0.12692142  116.47881            
0.12789774  115.88064            
0.12887406  112.77006            
0.12985038  115.19895            
0.1308267  114.82549            
0.13180302  115.54609            
0.13277933  116.14804            
0.13375565  117.28212            
0.13473197  115.24819            
0.13570829  115.17474            
0.13668461  114.27728            
0.13766093  112.51568            
0.13863725  115.19461            
0.13961356  116.88583            
0.14058988  115.72787            
0.1415662  115.40741            
0.14254252  114.62339            
0.14351884  115.70361            
0.14449516  115.12904            
0.14547148  114.21405            
0.14644779  116.27176            
0.14742411  116.49638            
0.14840043  116.59152            
0.14937675  117.29114            
0.15035307  115.17755            
0.15132939  114.42593            
0.15230571  113.9083            
0.15328203  115.49638            
0.15425834  115.45024            
0.15523466  115.0697            
0.15621098  115.75181            
0.1571873  115.68248            
0.15816362  115.02282            
0.15913994  115.24819            
0.16011626  115.22549            
0.16109257  114.95472            
0.16206889  114.48038            
0.16304521  114.20251            
0.16402153  113.69967            
0.16499785  113.3384            
0.16597417  114.20288            
0.16695049  113.58741            
0.1679268  112.17169            
0.16890312  114.17184            
0.16987944  115.91103            
0.17085576  114.91128            
0.17183208  113.88894            
0.1728084  112.85532            
0.17378472  114.13227            
0.17476104  115.43767            
0.17573735  114.70776            
0.17671367  114.26984            
0.17768999  114.45258            
0.17866631  113.99276            
0.17964263  113.73336            
0.18061895  111.1652            
0.18159527  113.16595            
0.18257158  114.9209            
0.1835479  113.91391            
0.18452422  113.01453            
0.18550054  113.2271            
0.18647686  113.19047            
0.18745318  115.33266            
0.1884295  116.05885            
0.18940581  114.10481            
0.19038213  115.16447            
0.19135845  114.20615            
0.19233477  113.68201            
0.19331109  113.32525            
0.19428741  116.85449            
0.19526373  115.20061            
0.19624005  114.64858            
0.19721636  113.53767            
0.19819268  114.04057            
0.199169  114.45535            
0.20014532  114.07458            
0.20112164  115.08097            
0.20209796  115.87862            
0.20307428  114.43588            
0.20405059  113.78498            
0.20502691  114.16764            
0.20600323  113.16123            
0.20697955  112.40048            
0.20795587  114.26843            
0.20893219  114.6218            
0.20990851  115.9207            
0.21088482  115.01281            
0.21186114  115.307            
0.21283746  116.05862            
0.21381378  116.71379            
0.2147901  116.20385            
0.21576642  115.56168            
0.21674274  116.197            
0.21771905  115.49638            
0.21869537  115.40092            
0.21967169  114.2098            
0.22064801  113.78229            
0.22162433  114.16523            
0.22260065  113.37373            
0.22357697  114.92477            
0.22455329  113.98139            
0.2255296  113.71417            
0.22650592  113.49066            
0.22748224  116.44835            
0.22845856  115.77741            
0.22943488  115.87807            
0.2304112  114.23666            
0.23138752  114.2197            
0.23236383  116.83539            
0.23334015  114.74457            
0.23431647  114.96255            
0.23529279  117.60682            
0.23626911  115.70884            
0.23724543  115.33825            
0.23822175  116.53962            
0.23919806  117.11435            
0.24017438  118.42174            
0.2411507  117.2198            
0.24212702  116.66383            
0.24310334  115.43338            
0.24407966  114.52099            
0.24505598  114.83936            
0.2460323  115.97224            
0.24700861  115.55567            
0.24798493  116.22068            
0.24896125  115.75131            
0.24993757  115.74408            
0.25091389  115.82301            
0.25189021  117.027            
0.25286653  117.32679            
0.25384284  114.84104            
0.25481916  112.93009            
0.25579548  115.55398            
0.2567718  116.17116            
0.25774812  114.94278            
0.25872444  114.27432            
0.25970076  114.74457            
0.26067707  114.794            
0.26165339  115.44762            
0.26262971  114.73514            
0.26360603  114.5775            
0.26458235  115.66376            
0.26555867  114.56087            
0.26653499  115.54515            
0.26751131  116.0471            
0.26848762  113.06374            
0.26946394  114.06349            
0.27044026  115.0157            
0.27141658  115.13784            
0.2723929  113.52798            
0.27336922  114.10948            
0.27434554  115.78316            
0.27532185  116.08438            
0.27629817  113.605            
0.27727449  115.28595            
0.27825081  115.76701            
0.27922713  115.96972            
0.28020345  115.38212            
0.28117977  113.56412            
0.28215608  114.6395            
0.2831324  116.65351            
0.28410872  115.04492            
0.28508504  115.70751            
0.28606136  114.9921            
0.28703768  114.70745            
0.288014  114.10292            
0.28899032  115.63439            
0.28996663  113.71566            
0.29094295  113.3498            
0.29191927  114.98567            
0.29289559  114.76608            
0.29387191  115.02842            
0.29484823  115.46768            
0.29582455  114.96459            
0.29680086  114.53927            
0.29777718  115.18481            
0.2987535  113.9579            
0.29972982  113.2897            
0.30070614  114.06244            
0.30168246  115.22076            
0.30265878  114.75181            
0.30363509  114.71064            
0.30461141  114.02745            
0.30558773  114.44897            
0.30656405  113.49638            
0.30754037  113.63096            
0.30851669  115.98633            
0.30949301  115.71814            
0.31046932  115.3012            
0.31144564  116.30095            
0.31242196  117.20872            
0.31339828  116.49638            
0.3143746  116.5222            
0.31535092  116.97992            
0.31632724  116.75773            
0.31730356  117.1287            
0.31827987  119.54883            
0.31925619  120.28099            
0.32023251  120.78412            
0.32120883  121.33027            
0.32218515  122.80736            
0.32316147  124            
0.32413779  124.0618            
0.3251141  125.433            
0.32609042  128.93847            
0.32706674  127.8784            
0.32804306  130.68354            
0.32901938  134.55662            
0.3299957  135.9247            
0.33097202  139.5919            
0.33194833  141.74608            
0.33292465  146.97639            
0.33390097  151.51529            
0.33487729  151.98562            
0.33585361  157.01934            
0.33682993  162.60763            
0.33780625  164.94728            
0.33878257  169.10322            
0.33975888  171.42619            
0.3407352  175.19985            
0.34171152  179.04844            
0.34268784  173.84293            
0.34366416  158.57613            
0.34464048  132.65566            
0.3456168  114.1078            
0.34659311  105.00739            
0.34756943  93.768055            
0.34854575  88.41327            
0.34952207  86.158717            
0.35049839  83.81463            
0.35147471  79.407723            
0.35245103  77.174146            
0.35342734  75.370329            
0.35440366  72.527784            
0.35537998  73.2691            
0.3563563  73.75151            
0.35733262  73.826611            
0.35830894  75.876999            
0.35928526  78.983001            
0.36026158  78.751809            
0.36123789  78.771674            
0.36221421  79.327732            
0.36319053  81.307329            
0.36416685  82.999976            
0.36514317  89.345603            
0.36611949  91.802871            
0.36709581  93.296273            
0.36807212  94.620974            
0.36904844  97.846727            
0.37002476  100.33338            
0.37100108  102.52224            
0.3719774  103.10257            
0.37295372  105.89071            
0.37393004  109.61421            
0.37490635  112.53805            
0.37588267  113.18235            
0.37685899  111.29512            
0.37783531  112.86104            
0.37881163  116.05316            
0.37978795  117.49638            
0.38076427  117.38236            
0.38174059  114.24959            
0.3827169  114.58441            
0.38369322  117.29097            
0.38466954  118.45391            
0.38564586  117.28197            
0.38662218  118.2734            
0.3875985  118.95846            
0.38857482  117.74337            
0.38955113  117.47174            
0.39052745  116.76095            
0.39150377  117.26445            
0.39248009  117.75181            
0.39345641  117.68013            
0.39443273  115.50444            
0.39540905  115.77533            
0.39638536  116.53465            
0.39736168  117.47284            
0.398338  116.48824            
0.39931432  115.99248            
0.40029064  115.827            
0.40126696  118.22565            
0.40224328  117.23322            
0.40321959  116.48887            
0.40419591  116.04344            
0.40517223  117.46046            
0.40614855  116.25527            
0.40712487  116.44704            
0.40810119  114.66055            
0.40907751  111.54505            
0.41005383  113.33099            
0.41103014  116.32374            
0.41200646  118.70478            
0.41298278  116.71153            
0.4139591  115.17517            
0.41493542  112.50962            
0.41591174  113.10433            
0.41688806  117.01382            
0.41786437  117.2882            
0.41884069  118.30678            
0.41981701  119.94437            
0.42079333  117.44066            
0.42176965  115.24819            
0.42274597  115.29056            
0.42372229  117.01698            
0.4246986  117.9644            
0.42567492  116.49761            
0.42665124  116.2657            
0.42762756  117.00588            
0.42860388  117.20403            
0.4295802  115.01135            
0.43055652  115.50362            
0.43153284  115.49799            
0.43250915  115.24835            
0.43348547  115.26077            
0.43446179  115.51947            
0.43543811  116.22715            
0.43641443  115.19098            
0.43739075  112.47584            
0.43836707  111.51164            
0.43934338  112.24322            
0.4403197  112.03959            
0.44129602  113.99016            
0.44227234  113.5061            
0.44324866  114.00473            
0.44422498  114.19634            
0.4452013  111.52177            
0.44617761  113.29413            
0.44715393  115.78618            
0.44813025  117.24019            
0.44910657  116.03061            
0.45008289  117.74041            
0.45105921  117.45659            
0.45203553  114.74874            
0.45301185  115.01354            
0.45398816  116.26461            
0.45496448  117.25133            
0.4559408  116.95261            
0.45691712  114.01566            
0.45789344  114.97273            
0.45886976  112.7517            
0.45984608  112.75937            
0.46082239  113.76655            
0.46179871  115.26607            
0.46277503  116.00708            
0.46375135  116.47944            
0.46472767  114.76526            
0.46570399  115.74787            
0.46668031  116.00258            
0.46765662  116.7413            
0.46863294  116.47348            
0.46960926  115.22865            
0.47058558  114.23497            
0.4715619  113.73277            
0.47253822  112.75908            
0.47351454  114.03391            
0.47449086  117.01662            
0.47546717  118.49006            
0.47644349  117.23502            
0.47741981  116.00511            
0.47839613  116.49895            
0.47937245  116.74938            
0.48034877  116.50355            
0.48132509  116.48477            
0.4823014  115.25044            
0.48327772  115.49632            
0.48425404  115.49564            
0.48523036  116.26692            
0.48620668  118.52984            
0.487183  121.74138            
0.48815932  119.4907            
0.48913563  118.75193            
0.49011195  119.73064            
0.49108827  116.76204            
0.49206459  118.23733            
0.49304091  115.51692            
0.49401723  118.76238            
0.49499355  120.48184            
0.49596987  117.96915            
0.49694618  113.74322            
0.4979225  113.48412            
0.49889882  112.49515            
0.49987514  112.23643            
0.50085146  111.24822            
0.50182778  111.24728            
0.5028041  109.23676            
0.50378041  106.25266            
0.50475673  107.49366            
0.50573305  104.4849            
0.50670937  100.73755            
0.50768569  98.241796            
0.50866201  95.743134            
0.50963833  91.992262            
0.51061464  88.245029            
0.51159096  86.499705            
0.51256728  83.999684            
0.5135436  83.759053            
0.51451992  83.761808            
0.51549624  78.268762            
0.51647256  76.255113            
0.51744887  75.255314            
0.51842519  73.503942            
0.51940151  71.497255            
0.52037783  72.495698            
0.52135415  70.994169            
0.52233047  71.736456            
0.52330679  72.983739            
0.52428311  76.978795            
0.52525942  78.238528            
0.52623574  79.741291            
0.52721206  83.734843            
0.52818838  89.233429            
0.5291647  95.725526            
0.53014102  104.46132            
0.53111734  121.9327            
0.53209365  142.15921            
0.53306997  166.64102            
0.53404629  176.46279            
0.53502261  176.50362            
0.53599893  171.52702            
0.53697525  165.77296            
0.53795157  163.00702            
0.53892788  160.01625            
0.5399042  157.76458            
0.54088052  153.52161            
0.54185684  150.76157            
0.54283316  147.01688            
0.54380948  142.77294            
0.5447858  138.77947            
0.54576212  135.27334            
0.54673843  133.26304            
0.54771475  131.26354            
0.54869107  131.99404            
0.54966739  129.02453            
0.55064371  127.51623            
0.55162003  124.0304            
0.55259635  122.75578            
0.55357266  122.49866            
0.55454898  120.51523            
0.5555253  119.26027            
0.55650162  119.50108            
0.55747794  118.0153            
0.55845426  116.51206            
0.55943058  116.99462            
0.56040689  117.24548            
0.56138321  116.00679            
0.56235953  115.2567            
0.56333585  115.74593            
0.56431217  117.2375            
0.56528849  116.75794            
0.56626481  116.00934            
0.56724113  113.52811            
0.56821744  114.98057            
0.56919376  116.23889            
0.57017008  115.26171            
0.5711464  115.74492            
0.57212272  116.24842            
0.57309904  117.48593            
0.57407536  116.26629            
0.57505167  116.00364            
0.57602799  115.51102            
0.57700431  115.74804            
0.57798063  115.75181            
0.57895695  114.76748            
0.57993327  115.49165            
0.58090959  113.28465            
0.5818859  113.98766            
0.58286222  113.00955            
0.58383854  113.98296            
0.58481486  113.75607            
0.58579118  114.97826            
0.5867675  116.23325            
0.58774382  116.99377            
0.58872014  116.0183            
0.58969645  115.26204            
0.59067277  114.75397            
0.59164909  115.23867            
0.59262541  115.24819            
0.59360173  114.76145            
0.59457805  114.01478            
0.59555437  113.74966            
0.59653068  114.23804            
0.597507  116.7007            
0.59848332  117.48808            
0.59945964  115.05236            
0.60043596  112.54936            
0.60141228  112.98922            
0.6023886  115.93502            
0.60336491  115.75725            
0.60434123  113.55344            
0.60531755  114.48121            
0.60629387  113.76884            
0.60727019  113.01722            
0.60824651  114.46173            
0.60922283  114.98114            
0.61019914  116.21142            
0.61117546  115.51418            
0.61215178  116.47928            
0.6131281  115.7631            
0.61410442  115.0113            
0.61508074  114.99276            
0.61605706  113.77597            
0.61703338  116.18458            
0.61800969  115.03202            
0.61898601  114.51648            
0.61996233  115.71916            
0.62093865  116.47672            
0.62191497  114.54265            
0.62289129  115.46928            
0.62386761  115.98632            
0.62484392  114.53759            
0.62582024  116.19975            
0.62679656  115.75863            
0.62777288  115.02096            
0.6287492  113.78023            
0.62972552  114.71592            
0.63070184  113.77348            
0.63167815  115.20436            
0.63265447  115.98492            
0.63363079  115.75938            
0.63460711  115.50402            
0.63558343  116.22552            
0.63655975  116.24819            
0.63753607  118.67507            
0.63851239  117.29465            
0.6394887  117.72911            
0.64046502  118.23238            
0.64144134  118.97621            
0.64241766  119.9681            
0.64339398  123.63119            
0.6443703  125.20671            
0.64534662  124.76825            
0.64632293  126.19896            
0.64729925  125.5213            
0.64827557  125.97619            
0.64925189  128.40515            
0.65022821  132.36055            
0.65120453  136.12008            
0.65218085  138.41905            
0.65315716  142.1182            
0.65413348  146.35512            
0.6551098  146.98255            
0.65608612  149.65441            
0.65706244  153.84857            
0.65803876  158.34196            
0.65901508  161.86665            
0.6599914  167.05692            
0.66096771  172.07194            
0.66194403  173.93564            
0.66292035  176.41062            
0.66389667  173.60883            
0.66487299  169.16229            
0.66584931  148.30398            
0.66682563  123.44271            
0.66780194  109.98825            
0.66877826  99.882523            
0.66975458  92.291548            
0.6707309  86.480278            
0.67170722  83.135186            
0.67268354  81.079569            
0.67365986  80.039891            
0.67463617  77.127367            
0.67561249  74.611683            
0.67658881  73.306447            
0.67756513  72.051334            
0.67854145  73.434822            
0.67951777  76.134296            
0.68049409  77.927057            
0.68147041  73.440304            
0.68244672  74.918946            
0.68342304  75.705776            
0.68439936  78.616352            
0.68537568  82.579949            
0.686352  86.816746            
0.68732832  87.949691            
0.68830464  89.905491            
0.68928095  94.068355            
0.69025727  95.204374            
0.69123359  99.551913            
0.69220991  102.14368            
0.69318623  104.63285            
0.69416255  106.6543            
0.69513887  110.33302            
0.69611518  111.69485            
0.6970915  111.98861            
0.69806782  111.51271            
0.69904414  113.1597            
0.70002046  113.01124            
0.70099678  113.23656            
0.7019731  113.72807            
0.70294941  113.50848            
0.70392573  118.26511            
0.70490205  118.73993            
0.70587837  118.51556            
0.70685469  118.26055            
0.70783101  120.38705            
0.70880733  119.3092            
0.70978365  119.01219            
0.71075996  118.0425            
0.71173628  119.18588            
0.7127126  115.91933            
0.71368892  115.27307            
0.71466524  116.4335            
0.71564156  117.92387            
0.71661788  117.76444            
0.71759419  116.79607            
0.71857051  119.11956            
0.71954683  118.29296            
0.72052315  113.97783            
0.72149947  115.17667            
0.72247579  115.49062            
0.72345211  116.92125            
0.72442842  116.28794            
0.72540474  116.4832            
0.72638106  115.54976            
0.72735738  116.67764            
0.7283337  117.93236            
0.72931002  115.63189            
0.73028634  115.96577            
0.73126266  116.46887            
0.73223897  115.55126            
0.73321529  114.31016            
0.73419161  114.71669            
0.73516793  114.75141            
0.73614425  113.09105            
0.73712057  111.09818            
0.73809689  115.2421            
0.7390732  117.149            
0.74004952  115.83691            
0.74102584  114.56809            
0.74200216  114.02848            
0.74297848  115.65087            
0.7439548  114.09456            
0.74493112  114.94146            
0.74590743  115.94844            
0.74688375  115.29269            
0.74786007  115.94893            
0.74883639  116.93364            
0.74981271  116.75931            
0.75078903  114.39702            
0.75176535  114.01486            
0.75274167  113.52666            
0.75371798  113.26317            
0.7546943  113.24819            
0.75567062  114.42041            
0.75664694  115.44206            
0.75762326  114.79794            
0.75859958  114.04632            
0.7595759  115.65022            
0.76055221  115.04715            
0.76152853  116.17035            
0.76250485  117.18558            
0.76348117  116.77623            
0.76445749  117.92076            
0.76543381  118.94341            
0.76641013  115.48732            
0.76738644  113.14358            
0.76836276  112.52867            
0.76933908  112.7286            
0.7703154  116.02858            
0.77129172  116.9517            
0.77226804  117.93489            
0.77324436  118            
0.77422068  118.23191            
0.77519699  115.90947            
0.77617331  116.2149            
0.77714963  117.8905            
0.77812595  118.00724            
0.77910227  116.1342            
0.78007859  112.9698            
0.78105491  115.08003            
0.78203122  116.65015            
0.78300754  113.94864            
0.78398386  114.44518            
0.78496018  116.36641            
0.7859365  114.17177            
0.78691282  114.93114            
0.78788914  117.3306            
0.78886545  116.57298            
0.78984177  115.10466            
0.79081809  115.69256            
0.79179441  115.97536            
0.79277073  114.83239            
0.79374705  114.74457            
0.79472337  115.90432            
0.79569968  116.23003            
0.796676  117.64452            
0.79765232  116.36258            
0.79862864  116.25543            
0.79960496  118.1045            
0.80058128  116.85337            
0.8015576  117.4418            
0.80253392  116.79935            
0.80351023  117.44142            
0.80448655  118.19304            
0.80546287  117.78164            
0.80643919  117.98114            
0.80741551  118.2298            
0.80839183  118.01176            
0.80936815  117.29704            
0.81034446  117.47057            
0.81132078  119.80474            
0.8122971  117.44831            
0.81327342  115.8577            
0.81424974  117.13414            
0.81522606  114.47649            
0.81620238  118.17872            
0.81717869  118.7328            
0.81815501  116.20479            
0.81913133  113.91791            
0.82010765  115.13189            
0.82108397  115.01926            
0.82206029  114.53559            
0.82303661  113.80996            
0.82401293  113.29432            
0.82498924  110.02718            
0.82596556  108.13813            
0.82694188  108            
0.8279182  104.31739            
0.82889452  101.70232            
0.82987084  97.58797            
0.83084716  96.099975            
0.83182347  93.241036            
0.83279979  89.322381            
0.83377611  87.396467            
0.83475243  85.873744            
0.83572875  84.1425            
0.83670507  80.560962            
0.83768139  78.191236            
0.8386577  76.861513            
0.83963402  72.391875            
0.84061034  71.082593            
0.84158666  71.689527            
0.84256298  72.21358            
0.8435393  69.967099            
0.84451562  72.04675            
0.84549194  75.692678            
0.84646825  76.234556            
0.84744457  76.937202            
0.84842089  79.973424            
0.84939721  84.36972            
0.85037353  89.326358            
0.85134985  94.558738            
0.85232617  102.09557            
0.85330248  115.7908            
0.8542788  137.79437            
0.85525512  163.72715            
0.85623144  175.36019            
0.85720776  177.16135            
0.85818408  173.36336            
0.8591604  170.4879            
0.86013671  164.77372            
0.86111303  158.54882            
0.86208935  153.21411            
0.86306567  152.29928            
0.86404199  151.57022            
0.86501831  146.26278            
0.86599463  140.97116            
0.86697095  138.45627            
0.86794726  137.57097            
0.86892358  133.86296            
0.8698999  132.58712            
0.87087622  129.31584            
0.87185254  126.49746            
0.87282886  126.24819            
0.87380518  125.57144            
0.87478149  123.67971            
0.87575781  122.3625            
0.87673413  120.66383            
0.87771045  118.0052            
0.87868677  116.6123            
0.87966309  114.90676            
0.88063941  115.20144            
0.88161572  116.15511            
0.88259204  116.02316            
0.88356836  116.90642            
0.88454468  118.13107            
0.885521  116.66775            
0.88649732  114.46095            
0.88747364  113.34277            
0.88844996  113.02354            
0.88942627  113.22459            
0.89040259  115.51314            
0.89137891  115.52734            
0.89235523  114.5929            
0.89333155  116.08642            
0.89430787  114.67237            
0.89528419  112.46601            
0.8962605  113.60622            
0.89723682  112.39416            
0.89821314  113.8295            
0.89918946  112.6431            
0.90016578  111.14638            
0.9011421  111.4477            
0.90211842  113.07594            
0.90309473  113.93241            
0.90407105  115.13207            
0.90504737  115.70263            
0.90602369  114.62759            
0.90700001  114.7271            
0.90797633  115.65199            
0.90895265  116.65174            
0.90992896  117.65149            
0.91090528  117.08212            
0.9118816  117.67674            
0.91285792  115.50124            
0.91383424  115.25469            
0.91481056  117.05228            
0.91578688  115.45907            
0.9167632  117.05128            
0.91773951  116.35775            
0.91871583  116.25543            
0.91969215  116.70077            
0.92066847  115.40966            
0.92164479  114.35226            
0.92262111  114.91565            
0.92359743  113.87416            
0.92457374  113.52221            
0.92555006  114.84314            
0.92652638  114.10457            
0.9275027  114.89518            
0.92847902  114.55577            
0.92945534  114.50362            
0.93043166  114.72561            
0.93140797  115.41759            
0.93238429  113.48665            
0.93336061  114.37015            
0.93433693  114.50362            
0.93531325  115.3968            
0.93628957  115.72524            
0.93726589  115.08068            
0.93824221  114.10757            
0.93921852  113.77211            
