0  76.552705            
0.00097631863  75.215388            
0.0019526373  75.231094            
0.0029289559  76.620141            
0.0039052745  75.75276            
0.0048815932  75.824154            
0.0058579118  76.091068            
0.0068342304  74.771093            
0.0078105491  73.346241            
0.0087868677  74            
0.0097631863  74.097675            
0.010739505  74.751809            
0.011715824  74.65451            
0.012692142  74.065053            
0.013668461  74.438691            
0.014644779  73.968065            
0.015621098  73.719936            
0.016597417  73.503618            
0.017573735  73.470943            
0.018550054  73.280802            
0.019526373  73.535243            
0.020502691  73.592153            
0.02147901  72.337958            
0.022455329  71.374864            
0.023431647  72.343237            
0.024407966  72.968685            
0.025384284  72.751809            
0.026360603  72.657326            
0.027336922  71.874575            
0.02831324  71.188215            
0.029289559  72.284773            
0.030265878  70.813696            
0.031242196  71.092884            
0.032218515  70.030819            
0.033194833  70.373014            
0.034171152  71.379103            
0.035147471  71.94552            
0.036123789  70.02239            
0.037100108  71.877073            
0.038076427  71.030447            
0.039052745  71.003335            
0.040029064  69.676257            
0.041005383  72.446547            
0.041981701  70.096313            
0.04295802  69.151567            
0.043934338  70.370247            
0.044910657  71.194525            
0.045886976  70.872489            
0.046863294  71.420408            
0.047839613  69.090353            
0.048815932  69.841974            
0.04979225  70.353367            
0.050768569  69.248191            
0.051744887  69.337793            
0.052721206  70.029518            
0.053697525  70.129509            
0.054673843  69.396874            
0.055650162  70.325916            
0.056626481  68.822674            
0.057602799  67.614065            
0.058579118  68.643811            
0.059555437  69.809977            
0.060531755  70.394993            
0.061508074  71.299209            
0.062484392  69.780707            
0.063460711  70.058513            
0.06443703  70.329296            
0.065413348  69.144398            
0.066389667  70.104105            
0.067365986  69.05801            
0.068342304  69.47426            
0.069318623  69.334413            
0.070294941  69.885563            
0.07127126  69            
0.072247579  69            
0.073223897  69            
0.074200216  69.028154            
0.075176535  69.277102            
0.076152853  69.41871            
0.077129172  68.864498            
0.078105491  69.695183            
0.079081809  69.276847            
0.080058128  69.503618            
0.081034446  69.475089            
0.082010765  69.136751            
0.082987084  68.331785            
0.083963402  68.944931            
0.084939721  68.447872            
0.08591604  67.916969            
0.086892358  67.441226            
0.087868677  68.972713            
0.088844996  68.696566            
0.089821314  68.275354            
0.090797633  68.578474            
0.091773951  69.139248            
0.09275027  68.356884            
0.093726589  69.248976            
0.094702907  68.956915            
0.095679226  66.68548            
0.096655545  68.168005            
0.097631863  67.583618            
0.098608182  68.167601            
0.0995845  67.657187            
0.10056082  69.053734            
0.10153714  69.530037            
0.10251346  69.512291            
0.10348977  67.62939            
0.10446609  68.778042            
0.10544241  68.894553            
0.10641873  68.184285            
0.10739505  69.646861            
0.10837137  68.673096            
0.10934769  68.104448            
0.11032401  68.869941            
0.11130032  67.777608            
0.11227664  68.077962            
0.11325296  68.674035            
0.11422928  68.128813            
0.1152056  69.145241            
0.11618192  68.145491            
0.11715824  67.248191            
0.11813455  67.248191            
0.11911087  67.196847            
0.12008719  66.795792            
0.12106351  67.400735            
0.12203983  68.59964            
0.12301615  67.273246            
0.12399247  67.39568            
0.12496878  66.722945            
0.1259451  68.626012            
0.12692142  67.54672            
0.12789774  67.900297            
0.12887406  67.050087            
0.12985038  67.528239            
0.1308267  67.727249            
0.13180302  67.478406            
0.13277933  67.248191            
0.13375565  67.198733            
0.13473197  66.818217            
0.13570829  67.447883            
0.13668461  67.097456            
0.13766093  68.07308            
0.13863725  68.557195            
0.13961356  66.98669            
0.14058988  69.272829            
0.1415662  69.335081            
0.14254252  67.919908            
0.14351884  69.312202            
0.14449516  67.52731            
0.14547148  67.585022            
0.14644779  66.094959            
0.14742411  67.023506            
0.14840043  67.153732            
0.14937675  66.342401            
0.15035307  67.224871            
0.15132939  66.976064            
0.15230571  66.885102            
0.15328203  68.15498            
0.15425834  67.295008            
0.15523466  67.705118            
0.15621098  67.341322            
0.1571873  68.208987            
0.15816362  67.706161            
0.15913994  67.185813            
0.16011626  66.542444            
0.16109257  66.977362            
0.16206889  66.820196            
0.16304521  67.526132            
0.16402153  67.638238            
0.16499785  66.473992            
0.16597417  66.473427            
0.16695049  68.527198            
0.1679268  66.315451            
0.16890312  66.8665            
0.16987944  65.59194            
0.17085576  66.496382            
0.17183208  66.474426            
0.1728084  66.204402            
0.17378472  65.751172            
0.17476104  65.832925            
0.17573735  66.729468            
0.17671367  66.497013            
0.17768999  66.45982            
0.17866631  66.043673            
0.17964263  66.503618            
0.18061895  66.244339            
0.18159527  63.75491            
0.18257158  66.589337            
0.1835479  67.332061            
0.18452422  65.5393            
0.18550054  66.08497            
0.18647686  66.851587            
0.18745318  65.375202            
0.1884295  66.625173            
0.18940581  65.29048            
0.19038213  65.667482            
0.19135845  64.849365            
0.19233477  65.978743            
0.19331109  65.682794            
0.19428741  65.165445            
0.19526373  66.917527            
0.19624005  65.958591            
0.19721636  65.599293            
0.19819268  66.772092            
0.199169  66.959558            
0.20014532  66.482871            
0.20112164  66.329165            
0.20209796  67.066707            
0.20307428  65.080475            
0.20405059  66            
0.20502691  65.920025            
0.20600323  65.199603            
0.20697955  67.503618            
0.20795587  67.344592            
0.20893219  65.476781            
0.20990851  65.307379            
0.21088482  65.921523            
0.21186114  65.058812            
0.21283746  65.771162            
0.21381378  65.922272            
0.2147901  65.135727            
0.21576642  66.770976            
0.21674274  66.865148            
0.21771905  65.248191            
0.21869537  65.32467            
0.21967169  66.229272            
0.22064801  66            
0.22162433  66            
0.22260065  65.867773            
0.22357697  64.380525            
0.22455329  65.988084            
0.2255296  65.695625            
0.22650592  65.074482            
0.22748224  65.963153            
0.22845856  65.484721            
0.22943488  65.267024            
0.2304112  65.540093            
0.23138752  66.036881            
0.23236383  66.466862            
0.23334015  66.072733            
0.23431647  66.927516            
0.23529279  66.072757            
0.23626911  66.844881            
0.23724543  64.859151            
0.23822175  66.158964            
0.23919806  65.089431            
0.24017438  66.16631            
0.2411507  65.070736            
0.24212702  65.947008            
0.24310334  65.195387            
0.24407966  64.601615            
0.24505598  65.964879            
0.2460323  65.531377            
0.24700861  66.052053            
0.24798493  66.751809            
0.24896125  66.683071            
0.24993757  65.631831            
0.25091389  64.085175            
0.25189021  65.180202            
0.25286653  64.197264            
0.25384284  63.530371            
0.25481916  64            
0.25579548  63.966263            
0.2567718  63.630345            
0.25774812  65.370637            
0.25872444  63.586299            
0.25970076  64.718575            
0.26067707  64.297616            
0.26165339  64.852289            
0.26262971  62.940771            
0.26360603  65.735679            
0.26458235  65.584429            
0.26555867  66.67131            
0.26653499  65.390612            
0.26751131  63.792684            
0.26848762  64.544305            
0.26946394  65.248191            
0.27044026  65.232494            
0.27141658  65.04736            
0.2723929  65.610293            
0.27336922  63.511893            
0.27434554  63.807269            
0.27532185  64.751809            
0.27629817  64.705388            
0.27727449  63.969474            
0.27825081  63.441928            
0.27922713  62.649094            
0.28020345  64.878067            
0.28117977  63.008217            
0.28215608  63.338344            
0.2831324  64.670119            
0.28410872  63.562934            
0.28508504  64.571078            
0.28606136  65.574063            
0.28703768  62.766452            
0.288014  63.07333            
0.28899032  64.189692            
0.28996663  63.291984            
0.29094295  64.058            
0.29191927  64.985667            
0.29289559  64.722851            
0.29387191  64.277024            
0.29484823  64.765956            
0.29582455  65.028581            
0.29680086  65.376183            
0.29777718  63.262152            
0.2987535  63.538485            
0.29972982  64.234354            
0.30070614  64.055503            
0.30168246  64.986287            
0.30265878  64.806812            
0.30363509  65.614727            
0.30461141  63.289168            
0.30558773  64.054254            
0.30656405  65.040601            
0.30754037  65.684713            
0.30851669  64.436446            
0.30949301  63.314664            
0.31046932  64.470071            
0.31144564  64.013094            
0.31242196  64.287666            
0.31339828  65            
0.3143746  65.025815            
0.31535092  65.444625            
0.31632724  64.522322            
0.31730356  65.063979            
0.31827987  66.235531            
0.31925619  66.050758            
0.32023251  67.088481            
0.32120883  68.714024            
0.32218515  68.087606            
0.32316147  69.7144            
0.32413779  69.012288            
0.3251141  69.408552            
0.32609042  72.527946            
0.32706674  73.012102            
0.32804306  73.309092            
0.32901938  74.59979            
0.3299957  76.568572            
0.33097202  78.035562            
0.33194833  78.851732            
0.33292465  81.153516            
0.33390097  84.342556            
0.33487729  86.38377            
0.33585361  89.151082            
0.33682993  92.479841            
0.33780625  97.312527            
0.33878257  98.770964            
0.33975888  104.8266            
0.3407352  112.19322            
0.34171152  122.02145            
0.34268784  134.32796            
0.34366416  164.3675            
0.34464048  201.45315            
0.3456168  141.02649            
0.34659311  125.31841            
0.34756943  114.82087            
0.34854575  88.247479            
0.34952207  77.255116            
0.35049839  77.301882            
0.35147471  78.152928            
0.35245103  70.160096            
0.35342734  67.905536            
0.35440366  65.594801            
0.35537998  62.023978            
0.3563563  62.78614            
0.35733262  63.679952            
0.35830894  62.050888            
0.35928526  63.339287            
0.36026158  65.456404            
0.36123789  64.302939            
0.36221421  59.539075            
0.36319053  60.794188            
0.36416685  62.009747            
0.36514317  62.287212            
0.36611949  63.219042            
0.36709581  62.477261            
0.36807212  62.105317            
0.36904844  64.694638            
0.37002476  63.276589            
0.37100108  64.018897            
0.3719774  64.512599            
0.37295372  64.735652            
0.37393004  64.494225            
0.37490635  64.312174            
0.37588267  65.990997            
0.37685899  65.724725            
0.37783531  64.981983            
0.37881163  64.59414            
0.37978795  67.239436            
0.38076427  66.947588            
0.38174059  65.477473            
0.3827169  64.786085            
0.38369322  65.727559            
0.38466954  65.299354            
0.38564586  66.726415            
0.38662218  65.932945            
0.3875985  63.949963            
0.38857482  62.562438            
0.38955113  64.562175            
0.39052745  66.430252            
0.39150377  64.248191            
0.39248009  64.200032            
0.39345641  62.776582            
0.39443273  63.712226            
0.39540905  62.598211            
0.39638536  65.720779            
0.39736168  64.782589            
0.398338  65.705903            
0.39931432  64.21791            
0.40029064  63.330831            
0.40126696  65.985217            
0.40224328  65.422352            
0.40321959  62.839867            
0.40419591  65.649911            
0.40517223  62.014495            
0.40614855  62.517781            
0.40712487  63.014244            
0.40810119  63.454306            
0.40907751  61.765461            
0.41005383  62.496581            
0.41103014  62.578699            
0.41200646  65.235102            
0.41298278  64.450048            
0.4139591  62.523375            
0.41493542  63.267953            
0.41591174  63.973964            
0.41688806  63.019386            
0.41786437  63.726273            
0.41884069  62.764361            
0.41981701  63.2608            
0.42079333  63.733174            
0.42176965  63            
0.42274597  62.945221            
0.42372229  60.774751            
0.4246986  62.023788            
0.42567492  63.011684            
0.42665124  63.461533            
0.42762756  61.994282            
0.42860388  61.768777            
0.4295802  62.507733            
0.43055652  62.966485            
0.43153284  61.534992            
0.43250915  63.231809            
0.43348547  62.469495            
0.43446179  61.285489            
0.43543811  63.005375            
0.43641443  63.255276            
0.43739075  63.227649            
0.43836707  62.233082            
0.43934338  61.533609            
0.4403197  63.005056            
0.44129602  63.245585            
0.44227234  62.746881            
0.44324866  62.482203            
0.44422498  61.765938            
0.4452013  62.48494            
0.44617761  61.501055            
0.44715393  61.765375            
0.44813025  62.508034            
0.44910657  62.747454            
0.45008289  62.507911            
0.45105921  62.75604            
0.45203553  62.970577            
0.45301185  61.260631            
0.45398816  62.020459            
0.45496448  63.231299            
0.4559408  61.763685            
0.45691712  62.511448            
0.45789344  62.97653            
0.45886976  61.015048            
0.45984608  62            
0.46082239  61.978125            
0.46179871  60.52498            
0.46277503  62.482333            
0.46375135  61.503332            
0.46472767  61.993274            
0.46570399  61.486921            
0.46668031  60.284103            
0.46765662  62.980846            
0.46863294  61.500412            
0.46960926  61.251244            
0.47058558  61.493391            
0.4715619  61.248191            
0.47253822  61.23959            
0.47351454  60.503536            
0.47449086  60.48533            
0.47546717  59.526109            
0.47644349  62.229704            
0.47741981  60.493825            
0.47839613  60.258245            
0.47937245  61.248191            
0.48034877  61.250562            
0.48132509  61.508063            
0.4823014  62.749562            
0.48327772  62.501433            
0.48425404  62.233946            
0.48523036  59.757061            
0.48620668  61.240135            
0.487183  60.255997            
0.48815932  61.255747            
0.48913563  62.244511            
0.49011195  61.744624            
0.49108827  61.746691            
0.49206459  61.011535            
0.49304091  62.741642            
0.49401723  60.007605            
0.49499355  61.255385            
0.49596987  61.246811            
0.49694618  60.993374            
0.4979225  59.750517            
0.49889882  59.495188            
0.49987514  59.247059            
0.50085146  58.998899            
0.50182778  58.746618            
0.5028041  59.244381            
0.50378041  58.246424            
0.50475673  57.753453            
0.50573305  58.248191            
0.50670937  58.248909            
0.50768569  58.49784            
0.50866201  56.247617            
0.50963833  55.997938            
0.51061464  54.9991            
0.51159096  54.503618            
0.51256728  54.503292            
0.5135436  54.255691            
0.51451992  54.504028            
0.51549624  55.006812            
0.51647256  54.25464            
0.51744887  51.751793            
0.51842519  51.503664            
0.51940151  51.999784            
0.52037783  50.993454            
0.52135415  48.746673            
0.52233047  48.744573            
0.52330679  50.23881            
0.52428311  53.986448            
0.52525942  53.752275            
0.52623574  53.001641            
0.52721206  57.237857            
0.52818838  57.750458            
0.5291647  60.735798            
0.53014102  69.461324            
0.53111734  87.187253            
0.53209365  102.17135            
0.53306997  140.59316            
0.53404629  121.08975            
0.53502261  111.79281            
0.53599893  103.29519            
0.53697525  95.534632            
0.53795157  91.023289            
0.53892788  86.027146            
0.5399042  84.265334            
0.54088052  82.514004            
0.54185684  81.263139            
0.54283316  77.77433            
0.54380948  77.751809            
0.5447858  73.032918            
0.54576212  73.500003            
0.54673843  72.511045            
0.54771475  70.019219            
0.54869107  70.999252            
0.54966739  69.762073            
0.55064371  68.268035            
0.55162003  67.256929            
0.55259635  65.266042            
0.55357266  65.002277            
0.55454898  65            
0.5555253  65.498746            
0.55650162  64.022086            
0.55747794  64.252902            
0.55845426  61.532302            
0.55943058  63.727813            
0.56040689  63.008212            
0.56138321  61.765755            
0.56235953  61.997165            
0.56333585  62.245294            
0.56431217  62.745805            
0.56528849  62.009151            
0.56626481  61.509784            
0.56724113  61.496474            
0.56821744  61.006414            
0.56919376  61.986829            
0.57017008  61.75514            
0.5711464  62.493341            
0.57212272  61.517538            
0.57309904  61.503618            
0.57407536  61.74823            
0.57505167  60.514798            
0.57602799  60.747998            
0.57700431  60.996235            
0.57798063  60.755636            
0.57895695  60.751809            
0.57993327  60.011967            
0.58090959  60.739654            
0.5818859  60.995925            
0.58286222  61.739279            
0.58383854  61.507816            
0.58481486  61.503618            
0.58579118  59.775208            
0.5867675  60.977822            
0.58774382  61.243745            
0.58872014  60.510039            
0.58969645  59.027555            
0.59067277  59.981336            
0.59164909  60.737589            
0.59262541  60.508374            
0.59360173  60.990363            
0.59457805  60.506285            
0.59555437  61.970058            
0.59653068  61.020163            
0.597507  59.777288            
0.59848332  60.97421            
0.59945964  60.263913            
0.60043596  60.741152            
0.60141228  59.030428            
0.6023886  61.199336            
0.60336491  61.740774            
0.60434123  60.038821            
0.60531755  61.469922            
0.60629387  60.768845            
0.60727019  60.509304            
0.60824651  60.254107            
0.60922283  59.756362            
0.61019914  60.970298            
0.61117546  60.757743            
0.61215178  58.800125            
0.6131281  58.993942            
0.61410442  58.5088            
0.61508074  60.695632            
0.61605706  59.04407            
0.61703338  59            
0.61800969  59.974343            
0.61898601  59.509429            
0.61996233  59.503429            
0.62093865  58.522979            
0.62191497  59.718345            
0.62289129  59.751809            
0.62386761  60.724654            
0.62484392  60.020603            
0.62582024  60            
0.62679656  60.489565            
0.62777288  59.772975            
0.6287492  59.021354            
0.62972552  60.460534            
0.63070184  59.773538            
0.63167815  59.262873            
0.63265447  60.459682            
0.63363079  60.25555            
0.63460711  60.488961            
0.63558343  60.014967            
0.63655975  59.271047            
0.63753607  61.915654            
0.63851239  60.061801            
0.6394887  59.51207            
0.64046502  60.70538            
0.64144134  61.232252            
0.64241766  62.703844            
0.64339398  61.536743            
0.6443703  62.951284            
0.64534662  63.727263            
0.64632293  64.71891            
0.64729925  65.231737            
0.64827557  65.734989            
0.64925189  66.231489            
0.65022821  67.940618            
0.65120453  68            
0.65218085  71.622759            
0.65315716  71.26564            
0.65413348  71.008661            
0.6551098  75.345334            
0.65608612  75.017826            
0.65706244  77.168053            
0.65803876  81.590151            
0.65901508  83.679519            
0.6599914  87.845389            
0.66096771  92.816779            
0.66194403  95.650284            
0.66292035  102.24586            
0.66389667  110.2042            
0.66487299  123.97661            
0.66584931  160.34037            
0.66682563  167.48815            
0.66780194  120.1404            
0.66877826  100.69096            
0.66975458  90.135908            
0.6707309  76.046842            
0.67170722  69.500981            
0.67268354  68.295068            
0.67365986  65.85168            
0.67463617  65.990038            
0.67561249  62.406671            
0.67658881  62.976683            
0.67756513  60.129905            
0.67854145  58.082576            
0.67951777  56.320697            
0.68049409  59.361132            
0.68147041  58.300476            
0.68244672  54.892209            
0.68342304  56.904397            
0.68439936  55.322884            
0.68537568  55.723285            
0.686352  58.629009            
0.68732832  59.471313            
0.68830464  57.583971            
0.68928095  56.777567            
0.69025727  57.944591            
0.69123359  59.199704            
0.69220991  60.447904            
0.69318623  59.778643            
0.69416255  59.744573            
0.69513887  59.033792            
0.69611518  59.717501            
0.6970915  60.225415            
0.69806782  60.728575            
0.69904414  59.791292            
0.70002046  59.988089            
0.70099678  60            
0.7019731  60.952867            
0.70294941  59.331196            
0.70392573  60.200559            
0.70490205  60.727695            
0.70587837  60.515564            
0.70685469  60.739801            
0.70783101  60.279566            
0.70880733  60.720663            
0.70978365  61.93832            
0.71075996  60.334695            
0.71173628  59.061947            
0.7127126  59.714309            
0.71368892  59.273437            
0.71466524  58.29857            
0.71564156  60.625054            
0.71661788  58.375571            
0.71759419  58.01269            
0.71857051  58.23544            
0.71954683  60.857931            
0.72052315  60.287193            
0.72149947  59.065064            
0.72247579  60.660055            
0.72345211  59.804435            
0.72442842  58.092629            
0.72540474  58.235006            
0.72638106  58.959872            
0.72735738  58.75827            
0.7283337  58.274934            
0.72931002  59.905184            
0.73028634  58.57814            
0.73126266  58.97249            
0.73223897  59.945126            
0.73321529  58.579267            
0.73419161  58.972113            
0.73516793  59            
0.73614425  59.475479            
0.73712057  59.262526            
0.73809689  60.191819            
0.7390732  59.070675            
0.74004952  58.765924            
0.74102584  57.80893            
0.74200216  57.985761            
0.74297848  58.708489            
0.7439548  57.335206            
0.74493112  58.664418            
0.74590743  58.751809            
0.74688375  58.985451            
0.74786007  59.23358            
0.74883639  58.30731            
0.74981271  58.488454            
0.75078903  58.263419            
0.75176535  59.895122            
0.75274167  58.826848            
0.75371798  58.985017            
0.7546943  58.533707            
0.75567062  57.797569            
0.75664694  58.217854            
0.75762326  58.481151            
0.75859958  59.441556            
0.7595759  58.558696            
0.76055221  57.798059            
0.76152853  57.984521            
0.76250485  59.176818            
0.76348117  58.078922            
0.76445749  58.704359            
0.76543381  59.688445            
0.76641013  57.879037            
0.76738644  58.21649            
0.76836276  56.376418            
0.76933908  57.183828            
0.7703154  57.016036            
0.77129172  57.232093            
0.77226804  58.885935            
0.77324436  57.130724            
0.77422068  57.463813            
0.77519699  56.562244            
0.77617331  58.370917            
0.77714963  57.099782            
0.77812595  57.231659            
0.77910227  57.248191            
0.78007859  58.882436            
0.78105491  57.366193            
0.78203122  57.94917            
0.78300754  57.768651            
0.78398386  57.282492            
0.78496018  57.016966            
0.7859365  57.700228            
0.78691282  56.351728            
0.78788914  56.47923            
0.78886545  56.265405            
0.78984177  57.178584            
0.79081809  56.548901            
0.79179441  58.586959            
0.79277073  57.360198            
0.79374705  56.319308            
0.79472337  57.177335            
0.79569968  57.248191            
0.796676  56.550028            
0.79765232  57.892333            
0.79862864  57.769643            
0.79960496  57.982104            
0.80058128  58.230233            
0.8015576  56.393399            
0.80253392  57.642265            
0.80351023  57.285007            
0.80448655  57.944852            
0.80546287  58            
0.80643919  57.073853            
0.80741551  57.696098            
0.80839183  57.751809            
0.80936815  56.826411            
0.81034446  56.515501            
0.81132078  56.962178            
0.8122971  57.22949            
0.81327342  57.484307            
0.81424974  57.0382            
0.81522606  56.770696            
0.81620238  56.751809            
0.81717869  57.210168            
0.81815501  58.407139            
0.81913133  56.657816            
0.82010765  56.732612            
0.82108397  57.903142            
0.82206029  58            
0.82303661  57.306906            
0.82401293  56.561954            
0.82498924  55.810899            
0.82596556  55.980431            
0.82694188  55.77144            
0.8279182  53.910502            
0.82889452  53.751809            
0.82987084  53.288403            
0.83084716  53.019879            
0.83182347  54.154559            
0.83279979  53.101181            
0.83377611  52.308971            
0.83475243  50.638444            
0.83572875  49.805728            
0.83670507  49.060753            
0.83768139  49            
0.8386577  49.69009            
0.83963402  48.606398            
0.84061034  47.35188            
0.84158666  46.331034            
0.84256298  47.165099            
0.8435393  46.104027            
0.84451562  46.454889            
0.84549194  50.395027            
0.84646825  48.692671            
0.84744457  48.496992            
0.84842089  50.561021            
0.84939721  50.745187            
0.85037353  55.552815            
0.85134985  58.977609            
0.85232617  63.60053            
0.85330248  76.591828            
0.8542788  90.781869            
0.85525512  120.77104            
0.85623144  111.85472            
0.85720776  98.194182            
0.85818408  92.208863            
0.8591604  86.502349            
0.86013671  83.489215            
0.86111303  79.373149            
0.86208935  75.805005            
0.86306567  73.905919            
0.86404199  71.928981            
0.86501831  70.155624            
0.86599463  68.404252            
0.86697095  68.022172            
0.86794726  65.494712            
0.86892358  64.563921            
0.8698999  64.044716            
0.87087622  62.180669            
0.87185254  62.225709            
0.87282886  61.339025            
0.87380518  60.564859            
0.87478149  60.954003            
0.87575781  60.091583            
0.87673413  57.958266            
0.87771045  58.42782            
0.87868677  58.728225            
0.87966309  57.612612            
0.88063941  56.589214            
0.88161572  57.860041            
0.88259204  57.774973            
0.88356836  57.070355            
0.88454468  57.224903            
0.885521  56.11743            
0.88649732  57.586561            
0.88747364  57.071106            
0.88844996  57            
0.88942627  56.319672            
0.89040259  56.248191            
0.89137891  55.1193            
0.89235523  55.224407            
0.89333155  55.248191            
0.89430787  56.376147            
0.89528419  56.047939            
0.8962605  56            
0.89723682  53.060599            
0.89821314  53.429743            
0.89918946  53.273115            
0.90016578  53.702542            
0.9011421  53.527959            
0.90211842  53.503618            
0.90309473  53.951069            
0.90407105  55.80235            
0.90504737  55.776398            
0.90602369  55.751809            
0.90700001  55.521816            
0.90797633  56.403072            
0.90895265  55.827045            
0.90992896  55.528517            
0.91090528  55.726848            
0.9118816  54.852632            
0.91285792  55.880347            
0.91383424  54.649465            
0.91481056  54.2734            
0.91578688  54.248191            
0.9167632  56.044049            
0.91773951  54.90492            
0.91871583  54.974543            
0.91969215  55            
0.92066847  54.32568            
0.92164479  55.144871            
0.92262111  55.922136            
0.92359743  56            
0.92457374  55.326431            
0.92555006  55.470491            
0.92652638  54.156474            
0.9275027  54.901659            
0.92847902  55.673578            
0.92945534  55.529757            
0.93043166  55.947598            
0.93140797  54.433562            
0.93238429  54.470057            
0.93336061  54.724653            
0.93433693  54.751809            
0.93531325  55.644993            
0.93628957  54.409177            
0.93726589  54.026635            
0.93824221  54.670941            
0.93921852  54.302488            
