0  67.324454            
0.00097669131  66.596261            
0.0019533826  66.473821            
0.0029300739  66.635952            
0.0039067652  66.837965            
0.0048834565  68.411915            
0.0058601479  69.594963            
0.0068368392  68.525344            
0.0078135305  67.989182            
0.0087902218  68.878664            
0.0097669131  68.606047            
0.010743604  67.948783            
0.011720296  68.566277            
0.012696987  68.484808            
0.013673678  67.495026            
0.01465037  67.748514            
0.015627061  67.5641            
0.016603752  68.669869            
0.017580444  68.835188            
0.018557135  68.464742            
0.019533826  68.199381            
0.020510517  69.510233            
0.021487209  69.328153            
0.0224639  69.672243            
0.023440591  69.681934            
0.024417283  70.157352            
0.025393974  71.212378            
0.026370665  70.534203            
0.027347357  69.279482            
0.028324048  68.129182            
0.029300739  69.1484            
0.030277431  68.699415            
0.031254122  67.201363            
0.032230813  67.965545            
0.033207505  67.965777            
0.034184196  67.516042            
0.035160887  67.535444            
0.036137578  67.760323            
0.03711427  67.644253            
0.038090961  68.07571            
0.039067652  68.788124            
0.040044344  68.45123            
0.041021035  68.396633            
0.041997726  68.739164            
0.042974418  68.004505            
0.043951109  68.841015            
0.0449278  69.387909            
0.045904492  68.603008            
0.046881183  68.108255            
0.047857874  67.246195            
0.048834565  67.237381            
0.049811257  67.483385            
0.050787948  67.516651            
0.051764639  67.07458            
0.052741331  68.167787            
0.053718022  68.597951            
0.054694713  68.561767            
0.055671405  68.233543            
0.056648096  66.51189            
0.057624787  67.527094            
0.058601479  67.261303            
0.05957817  67.900986            
0.060554861  68.58318            
0.061531552  68.164551            
0.062508244  67.085371            
0.063484935  66.040272            
0.064461626  66            
0.065438318  67.331475            
0.066415009  67.032262            
0.0673917  67.589155            
0.068368392  67.383963            
0.069345083  66.271903            
0.070321774  66.786378            
0.071298466  67.132319            
0.072275157  66.374612            
0.073251848  65.614819            
0.074228539  65.968591            
0.075205231  65.593993            
0.076181922  64.947969            
0.077158613  64.806327            
0.078135305  64.933759            
0.079111996  65.451499            
0.080088687  64.391945            
0.081065379  64.854227            
0.08204207  66            
0.083018761  65.588194            
0.083995453  65.631677            
0.084972144  66.833568            
0.085948835  65.332008            
0.086925527  65.488241            
0.087902218  65.827529            
0.088878909  64.227425            
0.0898556  64.975222            
0.090832292  65.793713            
0.091808983  64.915063            
0.092785674  64.518193            
0.093762366  64.429521            
0.094739057  64.684862            
0.095715748  64.432693            
0.09669244  64.928302            
0.097669131  65.740549            
0.098645822  65.56126            
0.099622514  65.209652            
0.1005992  65.968975            
0.1015759  65.70657            
0.10255259  63.502173            
0.10352928  64.171302            
0.10450597  65.027697            
0.10548266  64.99757            
0.10645935  64.962609            
0.10743604  63.952104            
0.10841274  63.5712            
0.10938943  63.313698            
0.11036612  64.655399            
0.11134281  64.459367            
0.1123195  64.398185            
0.11329619  63.937991            
0.11427288  63.517308            
0.11524957  63.442945            
0.11622627  63.609692            
0.11720296  63.482333            
0.11817965  64.33535            
0.11915634  63.145127            
0.12013303  64.033952            
0.12110972  64.921567            
0.12208641  65.011053            
0.1230631  65.99908            
0.1240398  65.284932            
0.12501649  64.857053            
0.12599318  63.949353            
0.12696987  63.819073            
0.12794656  63.845064            
0.12892325  65.066192            
0.12989994  65.336264            
0.13087664  63.752809            
0.13185333  63.767188            
0.13283002  64.896959            
0.13380671  64.583197            
0.1347834  63.583104            
0.13576009  63.324676            
0.13673678  63.519807            
0.13771347  64.261727            
0.13869017  64.466647            
0.13966686  63.542794            
0.14064355  63.103069            
0.14162024  63.02382            
0.14259693  63.743183            
0.14357362  63.634268            
0.14455031  62.153269            
0.14552701  62.551367            
0.1465037  63.416955            
0.14748039  64.708023            
0.14845708  64.330903            
0.14943377  63.15488            
0.15041046  63.783909            
0.15138715  64.154784            
0.15236384  63.790688            
0.15334054  63.845312            
0.15431723  63.634187            
0.15529392  65.246547            
0.15627061  65.275478            
0.1572473  64.271903            
0.15822399  64.271903            
0.15920068  62.860039            
0.16017737  62.290101            
0.16115407  63.997984            
0.16213076  64.05724            
0.16310745  63.310935            
0.16408414  63.69168            
0.16506083  64.263074            
0.16603752  63.196287            
0.16701421  62.378227            
0.16799091  63.503981            
0.1689676  63.17069            
0.16994429  61.996894            
0.17092098  62.095335            
0.17189767  63.362189            
0.17287436  63.82859            
0.17385105  63.84632            
0.17482774  64.157158            
0.17580444  63.536587            
0.17678113  64.156509            
0.17775782  63.685962            
0.17873451  63.253308            
0.1797112  63.425295            
0.18068789  64.06139            
0.18166458  63.531467            
0.18264127  63.464587            
0.18361797  63.47419            
0.18459466  63.72221            
0.18557135  64.655041            
0.18654804  64.051846            
0.18752473  63.153007            
0.18850142  63.422178            
0.18947811  63.19894            
0.19045481  63.133802            
0.1914315  63.310583            
0.19240819  63.325381            
0.19338488  63.837565            
0.19436157  63.864008            
0.19533826  63.635952            
0.19631495  63.162112            
0.19729164  62.501644            
0.19826834  63.699336            
0.19924503  65.467439            
0.20022172  65.048825            
0.20119841  64.417635            
0.2021751  65.458764            
0.20315179  64.91154            
0.20412848  64.423714            
0.20510517  63.722207            
0.20608187  64.164423            
0.20705856  64.363996            
0.20803525  63.749478            
0.20901194  63.265442            
0.20998863  63.741188            
0.21096532  63.901225            
0.21194201  63.42371            
0.21291871  64.067328            
0.2138954  64.423614            
0.21487209  63.742262            
0.21584878  64.106243            
0.21682547  62.884964            
0.21780216  63.228599            
0.21877885  63.780122            
0.21975554  63.31023            
0.22073224  64.599127            
0.22170893  64.800605            
0.22268562  65.174187            
0.22366231  64.595321            
0.224639  62.876635            
0.22561569  63.28258            
0.22659238  64.212962            
0.22756908  64.151039            
0.22854577  63.786942            
0.22952246  63.849057            
0.23049915  63.468443            
0.23147584  63.038181            
0.23245253  63.426499            
0.23342922  63.247513            
0.23440591  61.789782            
0.23538261  61.799562            
0.2363593  63.642042            
0.23733599  63.265526            
0.23831268  62.523537            
0.23928937  62.690013            
0.24026606  62.514463            
0.24124275  62.737327            
0.24221944  62.412908            
0.24319614  63.707562            
0.24417283  64.160795            
0.24514952  63.635952            
0.24612621  63.048332            
0.2471029  62.47614            
0.24807959  62.523896            
0.24905628  62.635952            
0.25003298  63.972165            
0.25100967  63.411387            
0.25198636  62.044067            
0.25296305  61.337494            
0.25393974  61.534431            
0.25491643  60.624399            
0.25589312  60.851706            
0.25686981  62.225022            
0.25784651  62.85045            
0.2588232  64.393215            
0.25979989  62.631312            
0.26077658  62.602876            
0.26175327  63.907855            
0.26272996  63.211961            
0.26370665  63.478512            
0.26468334  63.624709            
0.26566004  62.183533            
0.26663673  63.135217            
0.26761342  63.504135            
0.26859011  62.80168            
0.2695668  64.070304            
0.27054349  63.818166            
0.27152018  62.945538            
0.27249688  62.15593            
0.27347357  61.905705            
0.27445026  61.716015            
0.27542695  61.401683            
0.27640364  63.460949            
0.27738033  63.885098            
0.27835702  61.13647            
0.27933371  61.44985            
0.28031041  61.290449            
0.2812871  61.925502            
0.28226379  62.246397            
0.28324048  62.104982            
0.28421717  61.771285            
0.28519386  61.795734            
0.28617055  62.253391            
0.28714724  63.49571            
0.28812394  64.48789            
0.28910063  63.287752            
0.29007732  62.686828            
0.29105401  62.74643            
0.2920307  62.635952            
0.29300739  62.203498            
0.29398408  61.746322            
0.29496078  62.446489            
0.29593747  63            
0.29691416  61.649403            
0.29789085  61.10624            
0.29886754  61.958791            
0.29984423  62.147485            
0.30082092  62.054827            
0.30179761  61.875486            
0.30277431  62.540073            
0.303751  63.199173            
0.30472769  61.64723            
0.30570438  60.274767            
0.30668107  61.662638            
0.30765776  62.132167            
0.30863445  62.107163            
0.30961114  62.688262            
0.31058784  61.987244            
0.31156453  62.93628            
0.31254122  63.458384            
0.31351791  62.87491            
0.3144946  62.6731            
0.31547129  62.853283            
0.31644798  64.736328            
0.31742468  63.953716            
0.31840137  62.418476            
0.31937806  63.249404            
0.32035475  64.125426            
0.32133144  63.349053            
0.32230813  64.629299            
0.32328482  66.505895            
0.32426151  66.582565            
0.32523821  66.364048            
0.3262149  67.34306            
0.32719159  68.162752            
0.32816828  68.164282            
0.32914497  69.234628            
0.33012166  70.872206            
0.33109835  72.000085            
0.33207505  73.289139            
0.33305174  76.142322            
0.33402843  78.616689            
0.33500512  80.197605            
0.33598181  80.926239            
0.3369585  84.709871            
0.33793519  87.565873            
0.33891188  89.183725            
0.33988858  80.980009            
0.34086527  69.234757            
0.34184196  61.634291            
0.34281865  56.415409            
0.34379534  52.833523            
0.34477203  52.018121            
0.34574872  51.507396            
0.34672541  49.415252            
0.34770211  48.527554            
0.3486788  47.269472            
0.34965549  47.348239            
0.35063218  48.601733            
0.35160887  49.327298            
0.35258556  49.216437            
0.35356225  49.602129            
0.35453895  51.806782            
0.35551564  52.7807            
0.35649233  52.472123            
0.35746902  52.144652            
0.35844571  52.438888            
0.3594224  53.111525            
0.36039909  53.911532            
0.36137578  54.711079            
0.36235248  54.780364            
0.36332917  55.403479            
0.36430586  56.731167            
0.36528255  57.655835            
0.36625924  57.963496            
0.36723593  57.560248            
0.36821262  56.832055            
0.36918931  56.43519            
0.37016601  57.07706            
0.3711427  57.983943            
0.37211939  58.271903            
0.37309608  58.271903            
0.37407277  58.93254            
0.37504946  58.703267            
0.37602615  58.051595            
0.37700285  58.183986            
0.37797954  58.308261            
0.37895623  58.327702            
0.37993292  58.749238            
0.38090961  59            
0.3818863  59.108925            
0.38286299  59.070809            
0.38383968  60.321408            
0.38481638  59.637323            
0.38579307  58.02947            
0.38676976  57.415115            
0.38774645  57.713672            
0.38872314  57.669976            
0.38969983  58.007269            
0.39067652  57.921991            
0.39165321  57.857028            
0.39262991  57.006315            
0.3936066  57.965485            
0.39458329  58.669546            
0.39555998  58.122913            
0.39653667  57.521239            
0.39751336  57.658603            
0.39849005  58.958877            
0.39946675  59.470545            
0.40044344  57.92562            
0.40142013  57            
0.40239682  57.664814            
0.40337351  57.648839            
0.4043502  57.80745            
0.40532689  59.198129            
0.40630358  58.136241            
0.40728028  58.218766            
0.40825697  58.778107            
0.40923366  57.86054            
0.41021035  58.639794            
0.41118704  59.012119            
0.41216373  57.895969            
0.41314042  57.141915            
0.41411712  56.611875            
0.41509381  57.196716            
0.4160705  57.50582            
0.41704719  57.364048            
0.41802388  58.585716            
0.41900057  58.085819            
0.41997726  57.773151            
0.42095395  58.202019            
0.42193065  58.271903            
0.42290734  57.883023            
0.42388403  58.6929            
0.42486072  58.91863            
0.42583741  58.858709            
0.4268141  58.943605            
0.42779079  58.518555            
0.42876748  57.493136            
0.42974418  56.777051            
0.43072087  58.084047            
0.43169756  56.995368            
0.43267425  56.787096            
0.43365094  57.399714            
0.43462763  57.530746            
0.43560432  57.525722            
0.43658102  58.013017            
0.43755771  58.97752            
0.4385344  58.360222            
0.43951109  58.508709            
0.44048778  58.833087            
0.44146447  59.061994            
0.44244116  58.714361            
0.44341785  58.531069            
0.44439455  59.026677            
0.44537124  58.1561            
0.44634793  57.957577            
0.44732462  59.334322            
0.44830131  59.608939            
0.449278  60.537484            
0.45025469  59.483029            
0.45123138  59.705294            
0.45220808  60.376464            
0.45318477  58.705981            
0.45416146  58.735376            
0.45513815  59.196598            
0.45611484  59.092145            
0.45709153  59.42719            
0.45806822  59.01971            
0.45904492  58.635952            
0.46002161  58.86039            
0.4609983  59.167666            
0.46197499  58.9365            
0.46295168  59.288154            
0.46392837  59.692808            
0.46490506  59.503419            
0.46588175  58.35418            
0.46685845  57.952871            
0.46783514  57.474584            
0.46881183  57.934708            
0.46978852  58.792171            
0.47076521  59.617957            
0.4717419  59.943046            
0.47271859  59.739759            
0.47369528  59.46782            
0.47467198  58.970722            
0.47564867  58.334687            
0.47662536  58.879133            
0.47760205  59.868875            
0.47857874  60.630459            
0.47955543  60.964906            
0.48053212  60.774554            
0.48150882  60.073619            
0.48248551  59.502554            
0.4834622  60.997472            
0.48443889  60.703282            
0.48541558  59.345044            
0.48639227  58.605667            
0.48736896  59.998863            
0.48834565  60.322509            
0.48932235  60.416784            
0.49029904  61.62899            
0.49127573  62.688904            
0.49225242  62.210328            
0.49322911  62.744007            
0.4942058  62.459574            
0.49518249  60.837083            
0.49615918  61.086332            
0.49713588  62.878988            
0.49811257  63.240612            
0.49908926  62.435512            
0.50006595  62.599446            
0.50104264  62.738719            
0.50201933  60.147242            
0.50299602  59.089053            
0.50397272  61.627215            
0.50494941  61.416294            
0.5059261  61.021519            
0.50690279  61.5334            
0.50787948  60.447417            
0.50885617  61.313145            
0.50983286  62.329331            
0.51080955  62.137113            
0.51178625  61.830469            
0.51276294  62.294261            
0.51373963  63.429314            
0.51471632  64.134982            
0.51569301  66.258977            
0.5166697  67.965324            
0.51764639  67.535394            
0.51862309  66.864826            
0.51959978  69.45367            
0.52057647  74.385417            
0.52155316  80.737757            
0.52252985  89.953373            
0.52350654  96.635731            
0.52448323  102.36316            
0.52545992  112.31983            
0.52643662  131.65988            
0.52741331  151.52386            
0.52839  141.99308            
0.52936669  116.99996            
0.53034338  105.59728            
0.53132007  98.636693            
0.53229676  92.994829            
0.53327345  89.358398            
0.53425015  87.087651            
0.53522684  83.924511            
0.53620353  81.338644            
0.53718022  79.58694            
0.53815691  77.939799            
0.5391336  75.710807            
0.54011029  73.074507            
0.54108699  71.635298            
0.54206368  70.108878            
0.54304037  70.848002            
0.54401706  69.786696            
0.54499375  67.779355            
0.54597044  67.500567            
0.54694713  66.20864            
0.54792382  63.936437            
0.54890052  64.748864            
0.54987721  63.042605            
0.5508539  61.969089            
0.55183059  61.300997            
0.55280728  61.128133            
0.55378397  62.451312            
0.55476066  61.146258            
0.55573735  59.541713            
0.55671405  60.072648            
0.55769074  60.83107            
0.55866743  60.59946            
0.55964412  61.966544            
0.56062081  61.07564            
0.5615975  61.202375            
0.56257419  60.763313            
0.56355089  59.002602            
0.56452758  59.625287            
0.56550427  60.364048            
0.56648096  60.535587            
0.56745765  58.972627            
0.56843434  58.860915            
0.56941103  59.765511            
0.57038772  60.803093            
0.57136442  60.468642            
0.57234111  59.54008            
0.5733178  59.100113            
0.57429449  60.493932            
0.57527118  60.330012            
0.57624787  60.302044            
0.57722456  61.900619            
0.57820125  60.336337            
0.57917795  59.574307            
0.58015464  60.138199            
0.58113133  60.271903            
0.58210802  59.466797            
0.58308471  59.402637            
0.5840614  59.866488            
0.58503809  60            
0.58601479  60.691897            
0.58699148  61.495118            
0.58796817  61.32504            
0.58894486  59.824312            
0.58992155  60.301818            
0.59089824  59.328331            
0.59187493  59.977616            
0.59285162  60.331872            
0.59382832  59.827457            
0.59480501  61.632221            
0.5957817  61.227304            
0.59675839  59.670567            
0.59773508  60.138216            
0.59871177  60.231973            
0.59968846  61.039431            
0.60066516  61.635952            
0.60164185  59.787628            
0.60261854  60.576804            
0.60359523  59.959763            
0.60457192  60.040509            
0.60554861  59.595226            
0.6065253  59            
0.60750199  60.618936            
0.60847869  61.429381            
0.60945538  59.049087            
0.61043207  58.711221            
0.61140876  58.520456            
0.61238545  57.801512            
0.61336214  57.867928            
0.61433883  58.696074            
0.61531552  59.033405            
0.61629222  58.594511            
0.61726891  58.537452            
0.6182456  59.273825            
0.61922229  59.462476            
0.62019898  59.943385            
0.62117567  60.910173            
0.62215236  60.22751            
0.62312906  59.635952            
0.62410575  60.159811            
0.62508244  60.338469            
0.62605913  60.330777            
0.62703582  60.131399            
0.62801251  58.780513            
0.6289892  58.32489            
0.62996589  58.2234            
0.63094259  58.03321            
0.63191928  58.173942            
0.63289597  59.144693            
0.63387266  59.868937            
0.63484935  60            
0.63582604  60.640248            
0.63680273  61.873509            
0.63777942  61.316202            
0.63875612  61.309708            
0.63973281  60.587674            
0.6407095  60.525699            
0.64168619  61.461281            
0.64266288  62.343251            
0.64363957  63.277255            
0.64461626  63.168925            
0.64559296  63.549422            
0.64656965  64.315944            
0.64754634  64.428432            
0.64852303  65.006011            
0.64949972  65.831555            
0.65047641  68.13427            
0.6514531  69.212713            
0.65242979  69.940653            
0.65340649  71.590078            
0.65438318  72.73989            
0.65535987  72.825197            
0.65633656  75.709096            
0.65731325  78.182073            
0.65828994  80.625072            
0.65926663  83.014924            
0.66024332  80.860334            
0.66122002  72.250765            
0.66219671  63.038521            
0.6631734  56.813104            
0.66415009  52.423708            
0.66512678  49.71159            
0.66610347  48.121094            
0.66708016  47.460718            
0.66805686  46.719448            
0.66903355  46.539353            
0.67001024  47.866259            
0.67098693  47.313247            
0.67196362  46.870809            
0.67294031  47.820708            
0.673917  48.036949            
0.67489369  49.023383            
0.67587039  47.934034            
0.67684708  48.702265            
0.67782377  49.635952            
0.67880046  50.692861            
0.67977715  52.153329            
0.68075384  51.989636            
0.68173053  51.695519            
0.68270723  51.081518            
0.68368392  51.902336            
0.68466061  53.661614            
0.6856373  54.918878            
0.68661399  53.625789            
0.68759068  53.139709            
0.68856737  55.482182            
0.68954406  55.576669            
0.69052076  56.059498            
0.69149745  56.224004            
0.69247414  55.764134            
0.69345083  56.048067            
0.69442752  56.155391            
0.69540421  57.328996            
0.6963809  56.35053            
0.69735759  56.517202            
0.69833429  56.796217            
0.69931098  56.93194            
0.70028767  56.796097            
0.70126436  56.87225            
0.70224105  57.353049            
0.70321774  57.663475            
0.70419443  56.605731            
0.70517113  57.948838            
0.70614782  57.463972            
0.70712451  57.109125            
0.7081012  56.890779            
0.70907789  56.459176            
0.71005458  56.067398            
0.71103127  56.558259            
0.71200796  56.317263            
0.71298466  56.590712            
0.71396135  57.027791            
0.71493804  57.683097            
0.71591473  58.177026            
0.71689142  57.857774            
0.71786811  58.110181            
0.7188448  58.066857            
0.71982149  57.139135            
0.72079819  57.557026            
0.72177488  59.066403            
0.72275157  58.923887            
0.72372826  56.824853            
0.72470495  57.035007            
0.72568164  57.635952            
0.72665833  57.220984            
0.72763503  58.127836            
0.72861172  57.777525            
0.72958841  57.509594            
0.7305651  57.220648            
0.73154179  57.237787            
0.73251848  56.710742            
0.73349517  56.065954            
0.73447186  56.44394            
0.73544856  57.321563            
0.73642525  56.982118            
0.73740194  57.112102            
0.73837863  59.504192            
0.73935532  57.780863            
0.74033201  58.234987            
0.7413087  57.190773            
0.74228539  57.341075            
0.74326209  57.167213            
0.74423878  57.382985            
0.74521547  57.906199            
0.74619216  56.629326            
0.74716885  55.790062            
0.74814554  57.217139            
0.74912223  57.166206            
0.75009893  56.549815            
0.75107562  57.46864            
0.75205231  56.866465            
0.753029  57.704963            
0.75400569  57.261737            
0.75498238  57.053352            
0.75595907  57.571381            
0.75693576  58.802268            
0.75791246  58.050578            
0.75888915  57.781784            
0.75986584  56.925181            
0.76084253  56.781952            
0.76181922  57.417987            
0.76279591  57.635952            
0.7637726  56.739053            
0.76474929  57.76604            
0.76572599  59.022742            
0.76670268  58.613981            
0.76767937  57.914049            
0.76865606  57.967708            
0.76963275  57.612826            
0.77060944  57.722118            
0.77158613  58.147611            
0.77256283  58.511707            
0.77353952  58.216958            
0.77451621  57.520201            
0.7754929  57.511851            
0.77646959  58.295193            
0.77744628  59.535369            
0.77842297  59.161173            
0.77939966  58.667314            
0.78037636  59.116327            
0.78135305  58.044246            
0.78232974  57.424867            
0.78330643  58.47536            
0.78428312  60.320593            
0.78525981  58.899997            
0.7862365  59.080495            
0.7872132  59.067404            
0.78818989  58.307844            
0.78916658  58.932817            
0.79014327  58.70296            
0.79111996  58.364048            
0.79209665  58.123284            
0.79307334  59.502827            
0.79405003  58.408985            
0.79502673  58.477804            
0.79600342  58.579077            
0.79698011  58.785056            
0.7979568  59.421091            
0.79893349  58.131326            
0.79991018  58.026455            
0.80088687  59.026587            
0.80186356  58.038706            
0.80284026  57.846633            
0.80381695  59.537182            
0.80479364  60.333002            
0.80577033  59.942286            
0.80674702  59.245128            
0.80772371  58.819602            
0.8087004  58.064502            
0.8096771  59.658116            
0.81065379  59.972094            
0.81163048  60.722207            
0.81260717  62.41957            
0.81358386  61.249059            
0.81456055  59.457794            
0.81553724  59.664518            
0.81651393  60.906614            
0.81749063  60.880023            
0.81846732  61.542925            
0.81944401  60.489082            
0.8204207  59.305076            
0.82139739  58.123327            
0.82237408  58.301392            
0.82335077  59.724796            
0.82432746  61.179957            
0.82530416  60.789072            
0.82628085  60.121604            
0.82725754  60.423608            
0.82823423  59.607418            
0.82921092  59.092145            
0.83018761  59.211953            
0.8311643  61.271787            
0.832141  62.271903            
0.83311769  62.757465            
0.83409438  62.090148            
0.83507107  63.031738            
0.83604776  64.576822            
0.83702445  64.514054            
0.83800114  65.425496            
0.83897783  65.212295            
0.83995453  66.519034            
0.84093122  70.765331            
0.84190791  75.248601            
0.8428846  83.074798            
0.84386129  100.24551            
0.84483798  119.63742            
0.84581467  130.01217            
0.84679136  126.31695            
0.84776806  125.82654            
0.84874475  131.31921            
0.84972144  123.60112            
0.85069813  108.20182            
0.85167482  98.437578            
0.85265151  91.861677            
0.8536282  89.422601            
0.8546049  87.080404            
0.85558159  82.468218            
0.85655828  78.900115            
0.85753497  77.329811            
0.85851166  76.511941            
0.85948835  73.346014            
0.86046504  70.872601            
0.86144173  71.949655            
0.86241843  70.347698            
0.86339512  67.961452            
0.86437181  66.266141            
0.8653485  64.385608            
0.86632519  64.582022            
0.86730188  64.572953            
0.86827857  63.020768            
0.86925527  63.280378            
0.87023196  61.529692            
0.87120865  59.904962            
0.87218534  61.224989            
0.87316203  61.1449            
0.87413872  60.421338            
0.87511541  61.861876            
0.8760921  59.94517            
0.8770688  60.16455            
0.87804549  59.868936            
0.87902218  58.44592            
0.87999887  59.653566            
0.88097556  59.658746            
0.88195225  59.026722            
0.88292894  57.622688            
0.88390563  58.164306            
0.88488233  58.237445            
0.88585902  57.325986            
0.88683571  58.593714            
0.8878124  58.93524            
0.88878909  58.728097            
0.88976578  58.420375            
0.89074247  57.659397            
0.89171917  58.71366            
0.89269586  58.934821            
0.89367255  59.58672            
0.89464924  59.570605            
0.89562593  59.180423            
0.89660262  59.459468            
0.89757931  61.908693            
0.898556  59.437622            
0.8995327  60.123217            
0.90050939  58.138033            
0.90148608  57.804361            
0.90246277  58.731801            
0.90343946  58.723943            
0.90441615  59.805044            
0.90539284  59.87138            
0.90636953  58.712785            
0.90734623  58.518334            
0.90832292  58.635952            
0.90929961  58.820079            
0.9102763  58.786103            
0.91125299  59.836362            
0.91222968  59.686473            
0.91320637  58.870612            
0.91418307  58.635952            
0.91515976  59.313923            
0.91613645  59.451573            
0.91711314  59.117138            
0.91808983  58.753042            
0.91906652  59.745943            
0.92004321  58.914642            
0.9210199  58.519006            
0.9219966  59.684034            
0.92297329  58.637076            
0.92394998  57.785771            
0.92492667  56.369516            
0.92590336  57.334284            
0.92688005  58.461691            
0.92785674  58.698581            
0.92883343  58.543252            
0.92981013  57.961124            
0.93078682  56.057684            
0.93176351  56.695009            
0.9327402  58.229382            
0.93371689  57.707747            
0.93469358  57.456963            
0.93567027  57.421438            
0.93664697  56.931046            
0.93762366  56.232259            
0.93860035  58.043411            
0.93957704  58.814761            
