0  73.414431            
0.00097680758  74.403877            
0.0019536152  73.884728            
0.0029304227  74.318285            
0.0039072303  71.73011            
0.0048840379  73.449182            
0.0058608455  74.550441            
0.0068376531  73.147318            
0.0078144607  72.02541            
0.0087912682  69.195265            
0.0097680758  70.394943            
0.010744883  69.846201            
0.011721691  70.937259            
0.012698499  73.887488            
0.013675306  74.649615            
0.014652114  73.931417            
0.015628921  73.735385            
0.016605729  75.145431            
0.017582536  74.394425            
0.018559344  73.716768            
0.019536152  73.703033            
0.020512959  74.896486            
0.021489767  74.317659            
0.022466574  74.544026            
0.023443382  73.594792            
0.02442019  75.40458            
0.025396997  73.422622            
0.026373805  74.469072            
0.027350612  74.185201            
0.02832742  73.716127            
0.029304227  73.426916            
0.030281035  72.894599            
0.031257843  72.213333            
0.03223465  72.175619            
0.033211458  73.107241            
0.034188265  72.248191            
0.035165073  72.10674            
0.036141881  71.60296            
0.037118688  73.645087            
0.038095496  73            
0.039072303  72.892901            
0.040049111  72.070066            
0.041025918  71.142957            
0.042002726  71.892335            
0.042979534  71.535109            
0.043956341  72.960771            
0.044933149  71.572885            
0.045909956  73.286778            
0.046886764  72            
0.047863572  72.181678            
0.048840379  73.146441            
0.049817187  72.430485            
0.050793994  71.854533            
0.051770802  71.181884            
0.052747609  72.175735            
0.053724417  71.751809            
0.054701225  71.715456            
0.055678032  71.502556            
0.05665484  71.5704            
0.057631647  71.852776            
0.058608455  71            
0.059585263  71.18439            
0.06056207  72.285988            
0.061538878  72.392179            
0.062515685  71.900287            
0.063492493  72.56509            
0.0644693  71.571411            
0.065446108  71.887806            
0.066422916  71.285291            
0.067399723  71.308403            
0.068376531  70.579234            
0.069353338  72.572043            
0.070330146  72.886863            
0.071306954  72.210779            
0.072283761  71.886486            
0.073260569  71.248191            
0.074237376  71.248191            
0.075214184  71.09645            
0.076190991  70.667544            
0.077167799  72.701648            
0.078144607  70.962152            
0.079121414  70.751809            
0.080098222  70.636785            
0.081075029  70.038034            
0.082051837  70.210094            
0.083028645  69.922569            
0.084005452  69.573939            
0.08498226  69.961716            
0.085959067  70.060812            
0.086935875  71.829745            
0.087912682  72.138894            
0.08888949  71.542151            
0.089866298  71.479393            
0.090843105  69.921558            
0.091819913  69.692238            
0.09279672  70.790591            
0.093773528  70.921179            
0.094750335  70.497516            
0.095727143  70.542587            
0.096703951  70.79084            
0.097680758  70.88158            
0.098657566  70.16988            
0.099634373  70.028621            
0.10061118  71.423912            
0.10158799  70.921315            
0.1025648  70.582428            
0.1035416  70.880448            
0.10451841  70.088921            
0.10549522  69.447304            
0.10647203  70.6165            
0.10744883  71.048452            
0.10842564  70.120495            
0.10940245  70.751809            
0.11037926  70.791712            
0.11135606  71.039965            
0.11233287  71.086913            
0.11330968  70.32954            
0.11428649  70.751809            
0.11526329  70.629993            
0.1162401  70            
0.11721691  70            
0.11819372  70.285166            
0.11917053  71.506667            
0.12014733  70.330424            
0.12112414  70.834169            
0.12210095  71.009153            
0.12307776  69.628484            
0.12405456  69.164289            
0.12503137  69.957972            
0.12600818  69.703673            
0.12698499  69.868623            
0.12796179  71.545492            
0.1289386  70.503618            
0.12991541  70.461269            
0.13089222  70.20698            
0.13186902  70.20757            
0.13284583  71.124184            
0.13382264  70.46222            
0.13479945  70.087168            
0.13577625  69.499748            
0.13675306  70.836191            
0.13772987  71.08641            
0.13870668  70.291116            
0.13968348  70.587161            
0.14066029  70.958166            
0.1416371  70.583002            
0.14261391  69.835726            
0.14359071  70.120903            
0.14456752  69.878811            
0.14554433  71.368814            
0.14652114  69.326321            
0.14749794  68.794737            
0.14847475  70.205859            
0.14945156  69.998764            
0.15042837  69.950307            
0.15140518  69.788332            
0.15238198  70.128986            
0.15335879  70.665278            
0.1543356  70.076122            
0.15531241  69.679615            
0.15628921  71.449497            
0.15726602  69.870071            
0.15824283  69.594337            
0.15921964  71.03185            
0.16019644  69.95692            
0.16117325  70.185745            
0.16215006  71.682756            
0.16312687  69.305389            
0.16410367  70.751809            
0.16508048  70.751809            
0.16605729  70.707089            
0.1670341  70.716498            
0.1680109  71.444222            
0.16898771  69.95636            
0.16996452  70.059001            
0.17094133  71.365087            
0.17191813  70.707982            
0.17289494  70.503618            
0.17387175  70.281296            
0.17484856  69.337502            
0.17582536  69.574219            
0.17680217  68.885512            
0.17777898  69.413927            
0.17875579  69.089817            
0.1797326  69.279406            
0.1807094  68.517106            
0.18168621  69.930905            
0.18266302  70.483437            
0.18363983  69.254127            
0.18461663  69.338766            
0.18559344  69.796508            
0.18657025  69.68406            
0.18754706  68.700349            
0.18852386  70.615842            
0.18950067  70.091207            
0.19047748  70.639962            
0.19145429  70.982361            
0.19243109  69.978801            
0.1934079  71.091713            
0.19438471  71.366519            
0.19536152  70.522556            
0.19633832  69.268137            
0.19731513  68.385856            
0.19829194  69.321216            
0.19926875  70.568195            
0.20024555  70.165171            
0.20122236  71.908608            
0.20219917  70.949185            
0.20317598  68.819796            
0.20415278  70.341294            
0.20512959  70.612635            
0.2061064  69.953993            
0.20708321  70.076982            
0.20806002  71.084397            
0.20903682  69.294385            
0.21001363  69.590243            
0.21099044  70.186625            
0.21196725  70.626248            
0.21294405  69.187127            
0.21392086  70.140872            
0.21489767  70.423119            
0.21587448  69.04663            
0.21685128  69.483014            
0.21782809  70.5445            
0.2188049  70.704992            
0.21978171  70.550497            
0.22075851  70.751809            
0.22173532  70.467045            
0.22271213  69.248191            
0.22368894  69.39095            
0.22466574  70            
0.22564255  70            
0.22661936  69.90399            
0.22759617  69.687274            
0.22857297  70.641468            
0.22954978  71.062649            
0.23052659  70.153062            
0.2315034  69.896078            
0.2324802  70.070246            
0.23345701  68.72988            
0.23443382  70.751809            
0.23541063  70.703933            
0.23638743  70.30907            
0.23736424  69.400381            
0.23834105  69.241715            
0.23931786  69.90851            
0.24029467  68.788316            
0.24127147  69.95175            
0.24224828  69.848433            
0.24322509  70.34635            
0.2442019  70.654936            
0.2451787  70.303926            
0.24615551  70.40508            
0.24713232  69.852713            
0.24810913  69.346982            
0.24908593  69.604144            
0.25006274  69.344517            
0.25103955  70.702937            
0.25201636  69.961056            
0.25299316  68.195639            
0.25396997  69.851392            
0.25494678  69.001151            
0.25592359  67.851014            
0.25690039  67.248191            
0.2578772  67.248191            
0.25885401  67.596665            
0.25983082  68.950567            
0.26080762  68.60188            
0.26178443  68.199675            
0.26276124  69.04962            
0.26373805  69.198509            
0.26471485  68.950256            
0.26569166  68.902681            
0.26666847  69.754417            
0.26764528  70.701878            
0.26862209  70.553612            
0.26959889  70.550126            
0.2705757  69.599993            
0.27155251  69            
0.27252932  68.899514            
0.27350612  68.249159            
0.27448293  67.197824            
0.27545974  67.05043            
0.27643655  67.503595            
0.27741335  68.247899            
0.27839016  67.554841            
0.27936697  68.598295            
0.28034378  68.204444            
0.28132058  69            
0.28229739  68.898269            
0.2832742  68.296937            
0.28425101  67.805296            
0.28522781  68.948948            
0.28620462  68.44214            
0.28718143  67.558238            
0.28815824  69.060739            
0.28913504  69.834787            
0.29011185  68.40378            
0.29108866  69.26013            
0.29206547  69.943494            
0.29304227  68.700258            
0.29401908  68.606844            
0.29499589  69.103351            
0.2959727  69.341169            
0.29694951  68.803609            
0.29792631  68.791039            
0.29890312  68.209212            
0.29987993  69            
0.30085674  68.842335            
0.30183354  68.19608            
0.30281035  68.158042            
0.30378716  68.751809            
0.30476397  68.487268            
0.30574077  67.919846            
0.30671758  69.238447            
0.30769439  68.618647            
0.3086712  69.681652            
0.309648  68.762498            
0.31062481  69.325826            
0.31160162  68.223794            
0.31257843  70            
0.31355523  69.679765            
0.31453204  68.497925            
0.31550885  68.556601            
0.31648566  68.912493            
0.31746246  69.395854            
0.31843927  69.161061            
0.31941608  69.751809            
0.32039289  69.913247            
0.32136969  70.556975            
0.3223465  70.589993            
0.32332331  70.215486            
0.32430012  71.269281            
0.32527692  72.248191            
0.32625373  72.248191            
0.32723054  72.790199            
0.32820735  74.859395            
0.32918416  75.031199            
0.33016096  74.628759            
0.33113777  76.05398            
0.33211458  76.411893            
0.33309139  77.435991            
0.33406819  79.272413            
0.335045  80.849455            
0.33602181  83.383206            
0.33699862  85.025162            
0.33797542  86.603335            
0.33895223  89.410313            
0.33992904  93.070323            
0.34090585  98.024823            
0.34188265  101.14224            
0.34285946  111.17737            
0.34383627  114.34088            
0.34481308  91.374128            
0.34578988  75.477077            
0.34676669  66.112351            
0.3477435  61.414912            
0.34872031  61.889798            
0.34969711  61.114257            
0.35067392  59.249947            
0.35165073  56.995566            
0.35262754  55.360505            
0.35360434  55.248249            
0.35458115  53.998891            
0.35555796  56.081034            
0.35653477  57.41661            
0.35751158  57.662784            
0.35848838  56.665179            
0.35946519  57.248191            
0.360442  57.86741            
0.36141881  59.718815            
0.36239561  58.977334            
0.36337242  60.20336            
0.36434923  61.525782            
0.36532604  60.978086            
0.36630284  62.148644            
0.36727965  63.218913            
0.36825646  62.304538            
0.36923327  62.838126            
0.37021007  64.056471            
0.37118688  64.076942            
0.37216369  63.895854            
0.3731405  65.078216            
0.3741173  64.388523            
0.37509411  64.457574            
0.37607092  65.714117            
0.37704773  64.463953            
0.37802453  63.668952            
0.37900134  64.191159            
0.37997815  64.345895            
0.38095496  65.675088            
0.38193176  66.480403            
0.38290857  66.618654            
0.38388538  64.843787            
0.38486219  66.173891            
0.385839  66.983357            
0.3868158  67.926077            
0.38779261  68.097111            
0.38876942  66.809464            
0.38974623  66.534897            
0.39072303  65.05778            
0.39169984  65.365561            
0.39267665  66.10261            
0.39365346  66.72866            
0.39463026  65.409584            
0.39560707  66.575843            
0.39658388  66            
0.39756069  66.176344            
0.39853749  66.516999            
0.3995143  65.810149            
0.40049111  66.17691            
0.40146792  66.516246            
0.40244472  65.810336            
0.40342153  66.058589            
0.40439834  66.18954            
0.40537515  65.704719            
0.40635195  64.810585            
0.40732876  65.295907            
0.40830557  66.010871            
0.40928238  65.189228            
0.41025918  65.296847            
0.41123599  66.069206            
0.4122128  65.557256            
0.41318961  66.169746            
0.41416641  67.385069            
0.41514322  66.586689            
0.41612003  65.248191            
0.41709684  65.548964            
0.41807365  65.9627            
0.41905045  64.3691            
0.42002726  64.571126            
0.42100407  64.360003            
0.42198088  65.317064            
0.42295768  64.992893            
0.42393449  65.388933            
0.4249113  64.793071            
0.42588811  66.321803            
0.42686491  65.933813            
0.42784172  66.139232            
0.42881853  64.939791            
0.42979534  64.81208            
0.43077214  65            
0.43174895  65.060396            
0.43272576  65.127275            
0.43370257  64.812329            
0.43467937  65.427609            
0.43565618  66.32376            
0.43663299  64.937523            
0.4376098  64.867883            
0.4385866  64.94226            
0.43956341  64.306245            
0.44054022  65.493793            
0.44151703  66.004117            
0.44249383  65.131485            
0.44347064  64.998164            
0.44444745  65.627614            
0.44542426  65.001334            
0.44640107  64.495299            
0.44737787  65.002622            
0.44835468  64.564491            
0.44933149  65.317274            
0.4503083  64.626856            
0.4512851  64.683274            
0.45226191  65.751387            
0.45323872  64.998199            
0.45421553  65.056395            
0.45519233  64.936934            
0.45616914  64.249617            
0.45714595  65.313691            
0.45812276  66.005308            
0.45909956  64.752875            
0.46007637  63.87565            
0.46105318  66.002681            
0.46202999  66.31189            
0.46300679  65.188985            
0.4639836  65.121836            
0.46496041  63.310704            
0.46593722  63.875484            
0.46691402  64.747622            
0.46789083  64.252629            
0.46886764  65.25288            
0.46984445  65.684045            
0.47082125  64.942304            
0.47179806  65.312935            
0.47277487  65.068704            
0.47375168  65.172684            
0.47472849  63.000799            
0.47570529  63.686768            
0.4766821  63.942896            
0.47765891  65.376683            
0.47863572  65.559805            
0.47961252  65.128745            
0.48058933  65.567128            
0.48156614  66.071523            
0.48254295  66.870876            
0.48351975  66.112344            
0.48449656  65.256895            
0.48547337  66.322828            
0.48645018  67.189681            
0.48742698  66.872108            
0.48840379  66.115836            
0.4893806  65.194079            
0.49035741  66.01021            
0.49133421  66.751809            
0.49231102  66.946454            
0.49328783  67.047755            
0.49426464  65.615809            
0.49524144  66.029037            
0.49621825  68.060027            
0.49719506  67.372598            
0.49817187  66.935369            
0.49914867  66.816502            
0.50012548  67            
0.50110229  66.803656            
0.5020791  66.444723            
0.5030559  67.196721            
0.50403271  67.621799            
0.50500952  67.25353            
0.50598633  67.052803            
0.50696314  66.701094            
0.50793994  67.320681            
0.50891675  67.371081            
0.50989356  66.275118            
0.51087037  64.446421            
0.51184717  65.394928            
0.51282398  67.223336            
0.51380079  68.786884            
0.5147776  67.501703            
0.5157544  67.496382            
0.51673121  67.430568            
0.51770802  67.447742            
0.51868483  69.396256            
0.51966163  73.787287            
0.52063844  74.723065            
0.52161525  72.52033            
0.52259206  72.03222            
0.52356886  76.321677            
0.52454567  77.036054            
0.52552248  80.231811            
0.52649929  89.676823            
0.52747609  104.92035            
0.5284529  111.43317            
0.52942971  118.68481            
0.53040652  144.06257            
0.53138332  166.00811            
0.53236013  174.87499            
0.53333694  133.06157            
0.53431375  113.68707            
0.53529056  105.19914            
0.53626736  99.986275            
0.53724417  95.828832            
0.53822098  91.662117            
0.53919779  89.193361            
0.54017459  85.067309            
0.5411514  84.911332            
0.54212821  82.781628            
0.54310502  79.02194            
0.54408182  77.547164            
0.54505863  76.387469            
0.54603544  74.546786            
0.54701225  73.727043            
0.54798905  72.726792            
0.54896586  71.658671            
0.54994267  70.681896            
0.55091948  70.360393            
0.55189628  69.725788            
0.55287309  69.344568            
0.5538499  69.63583            
0.55482671  67.863513            
0.55580351  67.158105            
0.55678032  65.972725            
0.55775713  65.248191            
0.55873394  65.248191            
0.55971074  65.594964            
0.56068755  65.880059            
0.56166436  64.040149            
0.56264117  63.773354            
0.56361798  64.567192            
0.56459478  64.612068            
0.56557159  64.250201            
0.5665484  64.322407            
0.56752521  64.358275            
0.56850201  64.48784            
0.56947882  65.332707            
0.57045563  64.38869            
0.57143244  64.821112            
0.57240924  65.420234            
0.57338605  66.293312            
0.57436286  65.40031            
0.57533967  64.567962            
0.57631647  64.540937            
0.57729328  64.491797            
0.57827009  65.54056            
0.5792469  64.788562            
0.5802237  64.599544            
0.58120051  65.356531            
0.58217732  64.787996            
0.58315413  64.672576            
0.58413093  65.681697            
0.58510774  65.291048            
0.58608455  64.326292            
0.58706136  63.390839            
0.58803816  63.538673            
0.58901497  63.63792            
0.58999178  65.391218            
0.59096859  65.253857            
0.59194539  64.569002            
0.5929222  65.858654            
0.59389901  65.574353            
0.59487582  65.822606            
0.59585263  65.714495            
0.59682943  65.358746            
0.59780624  66.038335            
0.59878305  65.640547            
0.59975986  65.7846            
0.60073666  65.105849            
0.60171347  64.823042            
0.60269028  65.287262            
0.60366709  65.928642            
0.60464389  65.390543            
0.6056207  64.641431            
0.60659751  64.711734            
0.60757432  64.071607            
0.60855112  64.176521            
0.60952793  64.217287            
0.61050474  64.534334            
0.61148155  64            
0.61245835  64.145934            
0.61343516  64.357557            
0.61441197  64.362317            
0.61538878  65.176085            
0.61636558  64.781392            
0.61734239  64.685783            
0.6183192  65.169254            
0.61929601  64.115692            
0.62027281  65            
0.62124962  64.780449            
0.62222643  64.322847            
0.62320324  64.501501            
0.62418005  64.35105            
0.62515685  64.293034            
0.62613366  65            
0.62711047  65.072853            
0.62808728  65.10236            
0.62906408  64.382666            
0.63004089  63.7928            
0.6310177  64.722924            
0.63199451  65.323489            
0.63297131  65.503618            
0.63394812  65.501481            
0.63492493  65.571872            
0.63590174  65.97419            
0.63687854  66.20543            
0.63785535  65.794823            
0.63883216  66.947366            
0.63980897  67.406403            
0.64078577  66.297049            
0.64176258  66.776487            
0.64273939  66.621745            
0.6437162  67.875332            
0.644693  68.377625            
0.64566981  67.870881            
0.64664662  69.050364            
0.64762343  69.601325            
0.64860023  69.547248            
0.64957704  70.248191            
0.65055385  70.54775            
0.65153066  71.773401            
0.65250747  73.148945            
0.65348427  73.947937            
0.65446108  75.300563            
0.65543789  76.149319            
0.6564147  77.250133            
0.6573915  80.205263            
0.65836831  83.67798            
0.65934512  86.003827            
0.66032193  88.203819            
0.66129873  90.987076            
0.66227554  97.420565            
0.66325235  102.46732            
0.66422916  93.436288            
0.66520596  73.064753            
0.66618277  65.978509            
0.66715958  61.358685            
0.66813639  57.83958            
0.66911319  55.598544            
0.67009  55.323785            
0.67106681  55.040241            
0.67204362  53.69492            
0.67302042  53            
0.67399723  52.770261            
0.67497404  52.324096            
0.67595085  52.802466            
0.67692765  53.574628            
0.67790446  53.521315            
0.67888127  52.845471            
0.67985808  53.188997            
0.68083488  54.597028            
0.68181169  54.710689            
0.6827885  55.751809            
0.68376531  56.212832            
0.68474212  57.32695            
0.68571892  57.424795            
0.68669573  57.789228            
0.68767254  59.309096            
0.68864935  60            
0.68962615  60            
0.69060296  60.002242            
0.69157977  60.004992            
0.69255658  60.543675            
0.69353338  61.751809            
0.69451019  62.296363            
0.695487  63.269728            
0.69646381  62.283651            
0.69744061  61.637134            
0.69841742  62.810495            
0.69939423  62.877145            
0.70037104  61.653691            
0.70134784  62            
0.70232465  61.68714            
0.70330146  61.548511            
0.70427827  62.516221            
0.70525507  62            
0.70623188  61.764034            
0.70720869  61.7205            
0.7081855  62.829832            
0.7091623  62.921915            
0.71013911  63.222972            
0.71111592  64.248191            
0.71209273  63.776277            
0.71306954  62.908477            
0.71404634  63.089112            
0.71502315  63.222188            
0.71599996  63.541869            
0.71697677  62.316625            
0.71795357  63.555106            
0.71893038  64.355974            
0.71990719  63.343781            
0.720884  63            
0.7218608  63.078895            
0.72283761  63.487364            
0.72381442  63.600295            
0.72479123  63.305062            
0.72576803  64.503618            
0.72674484  64.66203            
0.72772165  65.08158            
0.72869846  64.854147            
0.72967526  63.759506            
0.73065207  63.650101            
0.73162888  64.342264            
0.73260569  63.92042            
0.73358249  63.348954            
0.7345593  62.817524            
0.73553611  63.658241            
0.73651292  63.840342            
0.73748972  63.583509            
0.73846653  63.58724            
0.73944334  63.40332            
0.74042015  64.069556            
0.74139696  64.266293            
0.74237376  62.925041            
0.74335057  62.248191            
0.74432738  62.248191            
0.74530419  62.491704            
0.74628099  63.080452            
0.7472578  62.760411            
0.74823461  62.069229            
0.74921142  63.152469            
0.75018822  64            
0.75116503  64.408526            
0.75214184  64.76576            
0.75311865  64.077719            
0.75409545  64.751809            
0.75507226  64.26101            
0.75604907  63.248191            
0.75702588  63.493968            
0.75800268  64.573131            
0.75897949  65.096977            
0.7599563  63.833133            
0.76093311  63.753468            
0.76190991  63.248191            
0.76288672  63.413589            
0.76386353  63.504711            
0.76484034  63.328922            
0.76581714  63.670827            
0.76679395  62.834096            
0.76777076  62.662412            
0.76874757  63            
0.76972437  63.330177            
0.77070118  64.248419            
0.77167799  64.172523            
0.7726548  62.917866            
0.77363161  62.916201            
0.77460841  63.415106            
0.77558522  63.504847            
0.77656203  62.922451            
0.77753884  62.751809            
0.77851564  62.669301            
0.77949245  62.918874            
0.78046926  63.418872            
0.78144607  62.919609            
0.78242287  62.836818            
0.78339968  62.33369            
0.78437649  63.333941            
0.7853533  63.665808            
0.7863301  63.251437            
0.78730691  64.003435            
0.78828372  64.420488            
0.78926053  64.000998            
0.79023733  63.413127            
0.79121414  63.417255            
0.79219095  64.087758            
0.79316776  64.248725            
0.79414456  63.169488            
0.79512137  63.083566            
0.79609818  63.417886            
0.79707499  63.498296            
0.79805179  63.083753            
0.7990286  63.672156            
0.80000541  63.99546            
0.80098222  63.08394            
0.80195903  63.843555            
0.80293583  63.988656            
0.80391264  62.168254            
0.80488945  62.325549            
0.80586626  62.079472            
0.80684306  62.75899            
0.80781987  64.007397            
0.80879668  64.588056            
0.80977349  64.751809            
0.81075029  64.408626            
0.8117271  63.490697            
0.81270391  63.341219            
0.81368072  64.42622            
0.81465752  64.736846            
0.81563433  64.093781            
0.81661114  65.094032            
0.81758795  65.66681            
0.81856475  65.503618            
0.81954156  65.073037            
0.82051837  64.421046            
0.82149518  65.095287            
0.82247198  65.751809            
0.82344879  65.581064            
0.8244256  64.82327            
0.82540241  63.826513            
0.82637921  63.841115            
0.82735602  64.41076            
0.82833283  63.902956            
0.82930964  63.593677            
0.83028645  64.596429            
0.83126325  64.735194            
0.83224006  63.923676            
0.83321687  64.248191            
0.83419368  64.594931            
0.83517048  65.942174            
0.83614729  66.467524            
0.8371241  64.913755            
0.83810091  65.619911            
0.83907771  68.030551            
0.84005452  68.710938            
0.84103133  68.113459            
0.84200814  70.793341            
0.84298494  73.100808            
0.84396175  75.498059            
0.84493856  79.364068            
0.84591537  82.683874            
0.84689217  89.981829            
0.84786898  99.422845            
0.84884579  111.10615            
0.8498226  122.3279            
0.8507994  143.62121            
0.85177621  176.73501            
0.85275302  157.05333            
0.85372983  121.64788            
0.85470663  108.82014            
0.85568344  100.56022            
0.85666025  95.149947            
0.85763706  91.133835            
0.85861386  88.675557            
0.85959067  85.54166            
0.86056748  83.631456            
0.86154429  81.442316            
0.8625211  78.526865            
0.8634979  76.65921            
0.86447471  75.352068            
0.86545152  71.921826            
0.86642833  69.320155            
0.86740513  67.667083            
0.86838194  65.248191            
0.86935875  64.980716            
0.87033556  64.584745            
0.87131236  65.191853            
0.87228917  65.911513            
0.87326598  65.21535            
0.87424279  63.891161            
0.87521959  63.516798            
0.8761964  64.088736            
0.87717321  63.890408            
0.87815002  63.606225            
0.87912682  64.339707            
0.88010363  64.323053            
0.88108044  64.180691            
0.88205725  64.592728            
0.88303405  64.481693            
0.88401086  63.910766            
0.88498767  63.751809            
0.88596448  63.751809            
0.88694128  63.84123            
0.88791809  63.639457            
0.8888949  63.632043            
0.88987171  64.662201            
0.89084852  64.231992            
0.89182532  63.931275            
0.89280213  64.068601            
0.89377894  63.207425            
0.89475575  63.155252            
0.89573255  64.389258            
0.89670936  63.569095            
0.89768617  63.431031            
0.89866298  63.751809            
0.89963978  63.478485            
0.90061659  63.363806            
0.9015934  63.635943            
0.90257021  63            
0.90354701  63.09048            
0.90452382  63.067106            
0.90550063  62.751809            
0.90647744  63.207788            
0.90745424  63.725167            
0.90843105  63.248191            
0.90940786  63.248191            
0.91038467  63.248191            
0.91136147  63.432801            
0.91233828  64.303362            
0.91331509  64.794599            
0.9142919  63.632681            
0.9152687  63.091228            
0.91624551  63.433432            
0.91722232  63.475089            
0.91819913  62.908585            
0.91917594  62.934763            
0.92015274  62.879366            
0.92112955  62.248191            
0.92210636  62.895182            
0.92308317  63.444296            
0.92405997  63.052464            
0.92503678  63.908149            
0.92601359  63.473391            
0.9269904  62.813368            
0.9279672  62.68314            
0.92894401  63.557968            
0.92992082  63.945272            
0.93089763  63            
0.93187443  63.092287            
0.93285124  63.248191            
0.93382805  63.063369            
0.93480486  63.216872            
0.93578166  63.907464            
0.93675847  63.566613            
0.93773528  63.440747            
0.93871209  63.097344            
0.93968889  62.654904            
0.9406657  63.658962            
