0  75.596816            
0.00097680758  75.452112            
0.0019536152  75.832072            
0.0029304227  74.820736            
0.0039072303  75.403448            
0.0048840379  75.765365            
0.0058608455  76.497771            
0.0068376531  75.596354            
0.0078144607  75.403712            
0.0087912682  75.54662            
0.0097680758  74.779841            
0.010744883  73.674265            
0.011721691  75.460595            
0.012698499  74.454015            
0.013675306  75            
0.014652114  75            
0.015628921  74.827633            
0.016605729  73.772614            
0.017582536  74.223435            
0.018559344  75.407849            
0.019536152  73.949381            
0.020512959  73.595428            
0.021489767  73.353834            
0.022466574  73.416074            
0.023443382  74.317318            
0.02442019  73.773699            
0.025396997  72.492671            
0.026373805  73.175459            
0.027350612  72.683051            
0.02832742  72.911756            
0.029304227  72.45671            
0.030281035  72.963074            
0.031257843  72.773606            
0.03223465  72.733365            
0.033211458  71.142045            
0.034188265  71.405497            
0.035165073  71.787986            
0.036141881  72.811259            
0.037118688  73.084044            
0.038095496  71.715591            
0.039072303  70.194923            
0.040049111  71.458453            
0.041025918  71.857043            
0.042002726  71            
0.042979534  70.894326            
0.043956341  70.331394            
0.044933149  70.486609            
0.045909956  69.144212            
0.046886764  70.053207            
0.047863572  70.368307            
0.048840379  70.513272            
0.049817187  71.207855            
0.050793994  70.661473            
0.051770802  72.854282            
0.052747609  71.761824            
0.053724417  70.222087            
0.054701225  69.49941            
0.055678032  70.425502            
0.05665484  71.113072            
0.057631647  69.778917            
0.058608455  70.484219            
0.059585263  69.686102            
0.06056207  69.852023            
0.061538878  69.202821            
0.062515685  70.258936            
0.063492493  69.44379            
0.0644693  68.462417            
0.065446108  69.149231            
0.066422916  69.850518            
0.067399723  69            
0.068376531  69.094744            
0.069353338  69.576361            
0.070330146  69.263386            
0.071306954  69.263386            
0.072283761  69.168008            
0.073260569  68.687396            
0.074237376  68.904305            
0.075214184  68.520048            
0.076190991  69.464319            
0.077167799  69.807658            
0.078144607  68.873108            
0.079121414  69.478948            
0.080098222  68.591396            
0.081075029  68.368307            
0.082051837  68.46527            
0.083028645  68.789625            
0.084005452  67.939693            
0.08498226  69.574882            
0.085959067  69.125095            
0.086935875  68.31131            
0.087912682  68.097915            
0.08888949  68.53362            
0.089866298  68.098232            
0.090843105  68.689059            
0.091819913  68.843993            
0.09279672  68.098707            
0.093773528  68.433961            
0.094750335  67.483779            
0.095727143  68.088447            
0.096703951  68            
0.097680758  68            
0.098657566  68            
0.099634373  67.958381            
0.10061118  67.736614            
0.10158799  67.836748            
0.1025648  68.251356            
0.1035416  67.690261            
0.10451841  68            
0.10549522  68.100768            
0.10647203  68.471921            
0.10744883  67.850654            
0.10842564  68.679452            
0.10940245  67.219647            
0.11037926  68.368307            
0.11135606  68.266587            
0.11233287  67.94037            
0.11330968  68.940508            
0.11428649  68.631693            
0.11526329  68.631693            
0.1162401  68.734205            
0.11721691  68.912565            
0.11819372  67.2935            
0.11917053  68.117458            
0.12014733  67.574599            
0.12112414  68.528388            
0.12210095  68.163787            
0.12307776  68.835962            
0.12405456  67.835711            
0.12503137  67.103939            
0.12600818  67.631693            
0.12698499  67.649009            
0.12796179  67.823686            
0.1289386  68.158813            
0.12991541  67.692757            
0.13089222  68            
0.13186902  68.166297            
0.13284583  68.815978            
0.13382264  67.91258            
0.13479945  67.727426            
0.13577625  66.64129            
0.13675306  67.894159            
0.13772987  67.474307            
0.13870668  67.938105            
0.13968348  67.631693            
0.14066029  67.755854            
0.1416371  68.243962            
0.14261391  67.631693            
0.14359071  67.569336            
0.14456752  67.343627            
0.14554433  67.674071            
0.14652114  67.26088            
0.14749794  66.889057            
0.14847475  67.802257            
0.14945156  68.631693            
0.15042837  68.460628            
0.15140518  67.586571            
0.15238198  67.476685            
0.15335879  67.873436            
0.1543356  67.218066            
0.15531241  67.281174            
0.15628921  68.522681            
0.15726602  67.890829            
0.15824283  67.477636            
0.15921964  67.890512            
0.16019644  67.368307            
0.16117325  67.304286            
0.16215006  67.219926            
0.16312687  68.153265            
0.16410367  67.631693            
0.16508048  67.631693            
0.16605729  67.56721            
0.1670341  67.217206            
0.1680109  67.064668            
0.16898771  67.368307            
0.16996452  67.303454            
0.17094133  67            
0.17191813  67.130076            
0.17289494  67.494646            
0.17387175  66.769126            
0.17484856  68.454354            
0.17582536  67.631693            
0.17680217  67.631693            
0.17777898  67.566101            
0.17875579  67.44173            
0.1797326  68.15057            
0.1807094  67.584588            
0.18168621  67.302344            
0.18266302  67.066055            
0.18363983  67.368307            
0.18461663  67.481916            
0.18559344  67.8199            
0.18657025  67.180351            
0.18754706  67.933483            
0.18852386  67.631693            
0.18950067  67.698395            
0.19047748  68            
0.19145429  67.933113            
0.19243109  67.631693            
0.1934079  67.698765            
0.19438471  67.750477            
0.19536152  66.766206            
0.19633832  67.551167            
0.19731513  67.886413            
0.19829194  65.900738            
0.19926875  66.583332            
0.20024555  66.484453            
0.20122236  67.067811            
0.20219917  67.601233            
0.20317598  68.447076            
0.20415278  67.398133            
0.20512959  66.650942            
0.2061064  67.660885            
0.20708321  66.768424            
0.20806002  67.299849            
0.20903682  66.882427            
0.21001363  66.417395            
0.21099044  66.700428            
0.21196725  66.950779            
0.21294405  66.667693            
0.21392086  66.437319            
0.21489767  67.02308            
0.21587448  67.907339            
0.21685128  66.417858            
0.21782809  66.701076            
0.2188049  67.069475            
0.21978171  67.159605            
0.22075851  66.333046            
0.22173532  66.701445            
0.22271213  67.209533            
0.22368894  67.89511            
0.22466574  67            
0.22564255  66.879732            
0.22661936  66.227878            
0.22759617  66.013476            
0.22857297  67.631693            
0.22954978  67.319398            
0.23052659  66.363181            
0.2315034  67.844537            
0.2324802  67.318169            
0.23345701  66.192397            
0.23443382  66.929046            
0.23541063  66.438794            
0.23638743  65.895982            
0.23736424  66.928769            
0.23834105  66.682699            
0.23931786  66.844008            
0.24029467  66.509047            
0.24127147  66.122804            
0.24224828  66.580423            
0.24322509  66.61455            
0.2442019  67.261853            
0.2451787  65.91152            
0.24615551  66.508096            
0.24713232  66.0516            
0.24810913  66.263386            
0.24908593  66.335727            
0.25006274  66.579895            
0.25103955  66.544561            
0.25201636  67.138838            
0.25299316  66.506986            
0.25396997  65.947937            
0.25494678  65.788743            
0.25592359  66.198169            
0.25690039  66.853841            
0.2578772  66.158732            
0.25885401  65.789007            
0.25983082  66.073357            
0.26080762  66.221408            
0.26178443  65.778777            
0.26276124  66.221038            
0.26373805  65.83187            
0.26471485  66.578903            
0.26569166  66.421163            
0.26666847  66.430763            
0.26764528  65.832874            
0.26862209  66.705882            
0.26959889  66.798317            
0.2705757  65.925626            
0.27155251  65.631693            
0.27252932  65.834129            
0.27350612  66.450272            
0.27448293  65.918259            
0.27545974  66.68521            
0.27643655  66.712985            
0.27741335  65.87133            
0.27839016  65.422022            
0.27936697  65.427501            
0.28034378  64.706991            
0.28132058  65.204695            
0.28229739  66.05398            
0.2832742  66.20934            
0.28425101  66            
0.28522781  65.718541            
0.28620462  64.577449            
0.28718143  64.726397            
0.28815824  65.746394            
0.28913504  64.498879            
0.29011185  64.945491            
0.29108866  65.052967            
0.29206547  66.00129            
0.29304227  64.792294            
0.29401908  64.284549            
0.29499589  65.49983            
0.2959727  66            
0.29694951  65.79129            
0.29792631  65            
0.29890312  65            
0.29987993  65.209463            
0.30085674  65.867525            
0.30183354  65.50094            
0.30281035  65.867208            
0.30378716  65.423741            
0.30476397  65.576193            
0.30574077  65.212904            
0.30671758  64.420474            
0.30769439  63.92105            
0.3086712  65.077978            
0.309648  65.580279            
0.31062481  66.21198            
0.31160162  65.709949            
0.31257843  65.921652            
0.31355523  65.710134            
0.31453204  66.078533            
0.31550885  66.154829            
0.31648566  65.559611            
0.31746246  66.421007            
0.31843927  67            
0.31941608  67            
0.32039289  66.841825            
0.32136969  66.342566            
0.3223465  66.416458            
0.32332331  65.767814            
0.32430012  66.638038            
0.32527692  68.431976            
0.32625373  70.432478            
0.32723054  72.296225            
0.32820735  73.448134            
0.32918416  74.090678            
0.33016096  75.505538            
0.33113777  76.572377            
0.33211458  78.929635            
0.33309139  80.413119            
0.33406819  82.27409            
0.335045  84.287186            
0.33602181  87.449072            
0.33699862  90.863987            
0.33797542  93.589447            
0.33895223  98.074477            
0.33992904  102.85503            
0.34090585  107.82649            
0.34188265  116.15049            
0.34285946  130.02717            
0.34383627  144.01947            
0.34481308  137.00529            
0.34578988  110.63545            
0.34676669  91.663523            
0.3477435  81.225942            
0.34872031  74.234958            
0.34969711  69.737002            
0.35067392  67.250887            
0.35165073  64.249663            
0.35262754  61.490816            
0.35360434  60.858964            
0.35458115  59.615433            
0.35555796  57.058937            
0.35653477  57.263386            
0.35751158  57.062647            
0.35848838  56.592828            
0.35946519  57.877052            
0.360442  59.489548            
0.36141881  58.751091            
0.36239561  57.693217            
0.36337242  57.534706            
0.36434923  59.511086            
0.36532604  60.142938            
0.36630284  60.715125            
0.36727965  61.143255            
0.36825646  61.94234            
0.36923327  62.832581            
0.37021007  61.832195            
0.37118688  60.739979            
0.37216369  62.228034            
0.3731405  63.023952            
0.3741173  62.62387            
0.37509411  61.37331            
0.37607092  62.945088            
0.37704773  63.915551            
0.37802453  63.631693            
0.37900134  63.631693            
0.37997815  63.631693            
0.38095496  63.486219            
0.38193176  62.769456            
0.38290857  62.230795            
0.38388538  63.170191            
0.38486219  63.712346            
0.385839  63.631693            
0.3868158  63.424215            
0.38779261  62.480217            
0.38876942  62.010737            
0.38974623  62.969584            
0.39072303  62.318545            
0.39169984  63.576908            
0.39267665  63.968633            
0.39365346  63            
0.39463026  62.766194            
0.39560707  62.615967            
0.39658388  64.717991            
0.39756069  64.703661            
0.39853749  63.477167            
0.3995143  62.483207            
0.40049111  62.383957            
0.40146792  63.718453            
0.40244472  63.851038            
0.40342153  63.219186            
0.40439834  62.798856            
0.40537515  63.087129            
0.40635195  63.21871            
0.40732876  62.799054            
0.40830557  63.149913            
0.40928238  63.481621            
0.41025918  63            
0.41123599  63.238073            
0.4122128  63.6739            
0.41318961  62.631693            
0.41416641  62.782558            
0.41514322  63.200417            
0.41612003  62.760672            
0.41709684  62.088238            
0.41807365  62.582973            
0.41905045  63.35181            
0.42002726  63.656909            
0.42100407  63.496031            
0.42198088  62.736614            
0.42295768  62.774817            
0.42393449  63.161736            
0.4249113  63.911022            
0.42588811  63.148019            
0.42686491  61.873781            
0.42784172  62.567864            
0.42881853  62.76414            
0.42979534  63.846599            
0.43077214  63.125215            
0.43174895  62.586118            
0.43272576  63.04535            
0.43370257  62.432532            
0.43467937  62.721595            
0.43565618  63.089995            
0.43663299  63.677328            
0.4376098  64.412534            
0.4385866  63.31097            
0.43956341  62.245351            
0.44054022  63.064688            
0.44151703  63.133878            
0.44249383  62.956896            
0.44347064  63.320452            
0.44444745  62.524086            
0.44542426  63            
0.44640107  63            
0.44737787  62.908896            
0.44835468  62.788106            
0.44933149  63.354675            
0.4503083  63.723074            
0.4512851  63.503275            
0.45226191  62.248613            
0.45323872  63            
0.45421553  63.40648            
0.45519233  64.224804            
0.45616914  63            
0.45714595  62.723916            
0.45812276  61.763324            
0.45909956  61.869047            
0.46007637  63.276001            
0.46105318  62.815204            
0.46202999  62.223592            
0.46300679  62.078546            
0.4639836  62.251625            
0.46496041  62.840892            
0.46593722  62.20904            
0.46691402  62.148417            
0.46789083  63.049139            
0.46886764  62.424405            
0.46984445  63.021946            
0.47082125  62.506763            
0.47179806  63.492735            
0.47277487  62.253884            
0.47375168  62.933064            
0.47472849  62.964309            
0.47570529  63.470841            
0.4766821  62.745113            
0.47765891  62.0672            
0.47863572  62.612837            
0.47961252  63.981488            
0.48058933  64.649862            
0.48156614  63.564229            
0.48254295  63.111914            
0.48351975  62.598024            
0.48449656  63.614898            
0.48547337  64.469256            
0.48645018  63.837404            
0.48742698  63.4632            
0.48840379  63.899527            
0.4893806  64.531378            
0.49035741  64.83677            
0.49133421  64.436432            
0.49231102  64.890596            
0.49328783  64.881422            
0.49426464  63.159883            
0.49524144  64.177041            
0.49621825  63.727419            
0.49719506  64.16434            
0.49817187  64.467195            
0.49914867  63.73934            
0.50012548  63.260911            
0.50110229  64.027401            
0.5020791  64.050065            
0.5030559  63.89508            
0.50403271  63.660645            
0.50500952  62.930949            
0.50598633  62.805731            
0.50696314  63            
0.50793994  63.359753            
0.50891675  64.105138            
0.50989356  63.007867            
0.51087037  62.263671            
0.51184717  62.736078            
0.51282398  62.097297            
0.51380079  62.270918            
0.5147776  62.459638            
0.5157544  63.834188            
0.51673121  64.272431            
0.51770802  64.974193            
0.51868483  65.729545            
0.51966163  66.363874            
0.52063844  67.466343            
0.52161525  68.606083            
0.52259206  71.533365            
0.52356886  74.742216            
0.52454567  80.257954            
0.52552248  83.26269            
0.52649929  87.803301            
0.52747609  96.022436            
0.5284529  110.32127            
0.52942971  135.26814            
0.53040652  172.36632            
0.53138332  192.48994            
0.53236013  172.80405            
0.53333694  139.67604            
0.53431375  121.56014            
0.53529056  111.29611            
0.53626736  103.94075            
0.53724417  99.457358            
0.53822098  95.475511            
0.53919779  90.997565            
0.54017459  88.9152            
0.5411514  85.08567            
0.54212821  82.288429            
0.54310502  80.624077            
0.54408182  78.631693            
0.54505863  77.742567            
0.54603544  75.19604            
0.54701225  74.334486            
0.54798905  72.918219            
0.54896586  71.654516            
0.54994267  70.189194            
0.55091948  68.635712            
0.55189628  68.368307            
0.55287309  68.440597            
0.5538499  68.255801            
0.55482671  67.364658            
0.55580351  67.631693            
0.55678032  66.631283            
0.55775713  63.724283            
0.55873394  63.203282            
0.55971074  63.882118            
0.56068755  64.467038            
0.56166436  64.825197            
0.56264117  64.062274            
0.56361798  63.292473            
0.56459478  63.266111            
0.56557159  63.277725            
0.5665484  63.926785            
0.56752521  63.809895            
0.56850201  64            
0.56947882  63.721271            
0.57045563  63.10275            
0.57143244  63.823926            
0.57240924  64.543971            
0.57338605  63.545012            
0.57436286  64.176864            
0.57533967  64.277648            
0.57631647  63.265002            
0.57729328  63            
0.57827009  63.354996            
0.5792469  64.08573            
0.5802237  63.631693            
0.58120051  63.631693            
0.58217732  63.55742            
0.58315413  63.442646            
0.58413093  63.735737            
0.58510774  63.746921            
0.58608455  63.253995            
0.58706136  63.378165            
0.58803816  63.09478            
0.58901497  63.641516            
0.58999178  62.886217            
0.59096859  63.00896            
0.59194539  62.652808            
0.5929222  62.903679            
0.59389901  61.991714            
0.59487582  63.022008            
0.59585263  63.714495            
0.59682943  62.924736            
0.59780624  62.811944            
0.59878305  63            
0.59975986  63.105523            
0.60073666  63.443835            
0.60171347  63.45039            
0.60269028  62.924339            
0.60366709  63.099853            
0.60464389  63.818222            
0.6056207  63.444166            
0.60659751  63.737863            
0.60757432  63.635492            
0.60855112  62.919026            
0.60952793  63.185736            
0.61050474  62.919343            
0.61148155  63.444563            
0.61245835  63.235197            
0.61343516  62.660226            
0.61441197  63.815057            
0.61538878  63.896342            
0.61636558  63.183681            
0.61734239  63.371202            
0.6183192  63.104609            
0.61929601  63.815844            
0.62027281  63.260843            
0.62124962  63.29203            
0.62222643  63.60007            
0.62320324  62.924225            
0.62418005  63.446744            
0.62515685  63.107926            
0.62613366  63.152269            
0.62711047  62.739804            
0.62808728  63            
0.62906408  63            
0.63004089  63.294289            
0.6310177  63.813941            
0.63199451  63.073516            
0.63297131  62.476973            
0.63394812  63.140665            
0.63492493  63.99607            
0.63590174  63.814522            
0.63687854  63.890964            
0.63785535  64.037118            
0.63883216  64.812673            
0.63980897  64.743278            
0.64078577  65.631693            
0.64176258  65.443891            
0.64273939  65.407142            
0.6437162  66.368307            
0.644693  66.556585            
0.64566981  67.486741            
0.64664662  68.741653            
0.64762343  69.597612            
0.64860023  70.590798            
0.64957704  70.340547            
0.65055385  72.488789            
0.65153066  73.663149            
0.65250747  74.636797            
0.65348427  77.005417            
0.65446108  78.153655            
0.65543789  79.859143            
0.6564147  82.39444            
0.6573915  85.853647            
0.65836831  87.8445            
0.65934512  92.692981            
0.66032193  97.287836            
0.66129873  102.5706            
0.66227554  111.14366            
0.66325235  121.96273            
0.66422916  127.70163            
0.66520596  116.75005            
0.66618277  96.581286            
0.66715958  80.378136            
0.66813639  69.255208            
0.66911319  65.496266            
0.67009  63.351629            
0.67106681  62.048793            
0.67204362  63.112363            
0.67302042  63.786094            
0.67399723  64.768675            
0.67497404  64.149315            
0.67595085  61.321697            
0.67692765  57.602766            
0.67790446  55.438025            
0.67888127  54.77398            
0.67985808  54.263386            
0.68083488  54.150191            
0.68181169  53.927352            
0.6827885  53.88662            
0.68376531  54.053257            
0.68474212  55.22713            
0.68571892  55.817893            
0.68669573  56.308845            
0.68767254  57.113842            
0.68864935  58.068478            
0.68962615  59.664176            
0.69060296  60.209682            
0.69157977  61.18171            
0.69255658  60.722212            
0.69353338  60.072332            
0.69451019  60            
0.695487  59.885418            
0.69646381  59.549687            
0.69744061  59.991518            
0.69841742  61.647443            
0.69939423  61.786869            
0.70037104  61.016199            
0.70134784  61.746829            
0.70232465  61.802368            
0.70330146  61.879208            
0.70427827  62.769173            
0.70525507  62.180785            
0.70623188  62.115598            
0.70720869  62.136925            
0.7081855  61.631693            
0.7091623  61.432952            
0.71013911  61            
0.71111592  61            
0.71209273  60.800783            
0.71306954  61.198924            
0.71404634  63            
0.71502315  62.966832            
0.71599996  62.6119            
0.71697677  61.883385            
0.71795357  61.831861            
0.71893038  61.779206            
0.71990719  61.137584            
0.720884  61.799356            
0.7218608  61.25123            
0.72283761  61.519091            
0.72381442  62.229454            
0.72479123  61.569585            
0.72576803  61.597127            
0.72674484  60.938209            
0.72772165  61.452429            
0.72869846  61.984866            
0.72967526  62.820868            
0.73065207  62.882091            
0.73162888  62.513692            
0.73260569  62.38148            
0.73358249  62.834398            
0.7345593  62.85766            
0.73553611  62            
0.73651292  61.881536            
0.73748972  61.54691            
0.73846653  61.571804            
0.73944334  61.677603            
0.74042015  61.407629            
0.74139696  61.974366            
0.74237376  61.980701            
0.74335057  62.650516            
0.74432738  61.572755            
0.74530419  62            
0.74628099  62            
0.7472578  62            
0.74823461  62.08551            
0.74921142  62.092234            
0.75018822  61.907898            
0.75116503  61.97212            
0.75214184  61.248364            
0.75311865  61            
0.75409545  61.240255            
0.75507226  61.702366            
0.75604907  62.078669            
0.75702588  62.466576            
0.75800268  61.574975            
0.75897949  61.965647            
0.7599563  61.601791            
0.76093311  61            
0.76190991  61.535471            
0.76288672  62.631693            
0.76386353  62.216455            
0.76484034  61.783862            
0.76581714  62.215821            
0.76679395  61.697731            
0.76777076  62.368307            
0.76874757  62.455205            
0.76972437  62.840264            
0.77070118  62.393802            
0.77167799  60.753484            
0.7726548  61.034721            
0.77363161  61.192149            
0.77460841  61.699738            
0.77558522  62.368307            
0.77656203  61.91412            
0.77753884  61.122346            
0.77851564  61.368307            
0.77949245  61.788618            
0.78046926  62.754316            
0.78144607  62.877284            
0.78242287  62.210431            
0.78339968  61.368307            
0.78437649  61.33327            
0.7853533  61.29845            
0.7863301  61.280219            
0.78730691  61.193074            
0.78828372  61.579889            
0.78926053  61.576518            
0.79023733  61.28396            
0.79121414  62.244667            
0.79219095  62.088484            
0.79316776  62.422485            
0.79414456  62.736614            
0.79512137  63.161998            
0.79609818  63.538945            
0.79707499  62.968897            
0.79805179  63.631693            
0.7990286  63.080661            
0.80000541  62.035459            
0.80098222  62.407643            
0.80195903  63.213802            
0.80293583  63.168235            
0.80391264  62.388228            
0.80488945  62.631693            
0.80586626  62.631693            
0.80684306  62.971407            
0.80781987  63.756904            
0.80879668  64            
0.80977349  63.659534            
0.81075029  63            
0.8117271  63.681936            
0.81270391  65            
0.81368072  65.34147            
0.81465752  66.090005            
0.81563433  65.615322            
0.81661114  64.242264            
0.81758795  64            
0.81856475  64.342725            
0.81954156  65.090335            
0.82051837  65.516212            
0.82149518  65.349082            
0.82247198  64.285987            
0.82344879  64.631693            
0.8244256  64.070014            
0.82540241  63.126875            
0.82637921  63.368307            
0.82735602  63.023323            
0.82833283  62.459237            
0.82930964  62.413452            
0.83028645  61.908938            
0.83126325  61.864043            
0.83224006  62.287309            
0.83321687  63.233411            
0.83419368  64.715047            
0.83517048  64.893516            
0.83614729  63.872108            
0.8371241  62.717197            
0.83810091  61.731974            
0.83907771  63.416404            
0.84005452  64.384784            
0.84103133  66.498909            
0.84200814  71.454302            
0.84298494  76.502915            
0.84396175  77.993876            
0.84493856  79.742508            
0.84591537  86.467456            
0.84689217  99.036            
0.84786898  110.65155            
0.84884579  122.76334            
0.8498226  143.2626            
0.8507994  170.05808            
0.85177621  184.79994            
0.85275302  168.17488            
0.85372983  137.96481            
0.85470663  121.44296            
0.85568344  111.79864            
0.85666025  104.39822            
0.85763706  99.406656            
0.85861386  94.587942            
0.85959067  91.070314            
0.86056748  88.177555            
0.86154429  85.068993            
0.8625211  82.399495            
0.8634979  79.960325            
0.86447471  78.344897            
0.86545152  77.052815            
0.86642833  75.289956            
0.86740513  73.420303            
0.86838194  72.274667            
0.86935875  71.618111            
0.87033556  70.249461            
0.87131236  69.199707            
0.87228917  68.350742            
0.87326598  67.236903            
0.87424279  66.774467            
0.87521959  66.011026            
0.8761964  65.594157            
0.87717321  65.642217            
0.87815002  64.641966            
0.87912682  64.263917            
0.88010363  64.246027            
0.88108044  63.236163            
0.88205725  63.359038            
0.88303405  63.867672            
0.88401086  63.536995            
0.88498767  63.14103            
0.88596448  63.191485            
0.88694128  63.772406            
0.88791809  63.368307            
0.8888949  63.330452            
0.88987171  62.807247            
0.89084852  62.494364            
0.89182532  63.00676            
0.89280213  62.596852            
0.89377894  63.228704            
0.89475575  63.04053            
0.89573255  62.591572            
0.89670936  63.402514            
0.89768617  63.363053            
0.89866298  63.770503            
0.89963978  63.597962            
0.90061659  63.770186            
0.9015934  63.100138            
0.90257021  62.401562            
0.90354701  62.594848            
0.90452382  63.535607            
0.90550063  63.099398            
0.90647744  62.997005            
0.90745424  63.535409            
0.90843105  63.329925            
0.90940786  63.032146            
0.91038467  62.400294            
0.91136147  62.270018            
0.91233828  62.601512            
0.91331509  62.735375            
0.9142919  62.865701            
0.9152687  62.36757            
0.91624551  62.76765            
0.91722232  62.50387            
0.91819913  62.833625            
0.91917594  63.368574            
0.92015274  63.39819            
0.92112955  62.465516            
0.92210636  62.534417            
0.92308317  62.601767            
0.92405997  62.766381            
0.92503678  62.368307            
0.92601359  62.738638            
0.9269904  63.231819            
0.9279672  62.765747            
0.92894401  62.231634            
0.92992082  62.605905            
0.93089763  63.299094            
0.93187443  62.227827            
0.93285124  61.97544            
0.93382805  63.333273            
0.93480486  63.561582            
0.93578166  62.48984            
0.93675847  61.670838            
0.93773528  61.834947            
0.93871209  62            
0.93968889  61.901534            
0.9406657  62.110709            
