0  69.032865            
0.00097680758  69.314045            
0.0019536152  69.711584            
0.0029304227  69.430279            
0.0039072303  68.866579            
0.0048840379  67.765833            
0.0058608455  66.44859            
0.0068376531  68.080492            
0.0078144607  70.248191            
0.0087912682  70.316016            
0.0097680758  70.886735            
0.010744883  71.413376            
0.011721691  69.383619            
0.012698499  70.38387            
0.013675306  71.112261            
0.014652114  70.555338            
0.015628921  72.333324            
0.016605729  71.28935            
0.017582536  71.297721            
0.018559344  70.171233            
0.019536152  71.318401            
0.020512959  71.516847            
0.021489767  69.896297            
0.022466574  69.455974            
0.023443382  70.439568            
0.02442019  68.774767            
0.025396997  70.294702            
0.026373805  69.383032            
0.027350612  71.402695            
0.02832742  69.458239            
0.029304227  70.891755            
0.030281035  71.682218            
0.031257843  71.113963            
0.03223465  70.143431            
0.033211458  69.361648            
0.034188265  68.779805            
0.035165073  70.573832            
0.036141881  70.751764            
0.037118688  69.63882            
0.038095496  71.50177            
0.039072303  68.568125            
0.040049111  69.285413            
0.041025918  70.714085            
0.042002726  68.964457            
0.042979534  69.003122            
0.043956341  70.46691            
0.044933149  70.0685            
0.045909956  69.180004            
0.046886764  70.140628            
0.047863572  69.648332            
0.048840379  70.140681            
0.049817187  68.362515            
0.050793994  70.278708            
0.051770802  68.854282            
0.052747609  68.182197            
0.053724417  69.32183            
0.054701225  69.678044            
0.055678032  69.322083            
0.05665484  70.045754            
0.057631647  71.530441            
0.058608455  70.211589            
0.059585263  70.147726            
0.06056207  70.7775            
0.061538878  69.682471            
0.062515685  70.454852            
0.063492493  69.049268            
0.0644693  70.714833            
0.065446108  70.503618            
0.066422916  69.867507            
0.067399723  66.621983            
0.068376531  68.858418            
0.069353338  69.427957            
0.070330146  68.849514            
0.071306954  68.187058            
0.072283761  69.318088            
0.073260569  69.296997            
0.074237376  67.086248            
0.075214184  69.11408            
0.076190991  69.714086            
0.077167799  69.273601            
0.078144607  68.031715            
0.079121414  68.363026            
0.080098222  68.922949            
0.081075029  68.227923            
0.082051837  66.937278            
0.083028645  68.076318            
0.084005452  68.381718            
0.08498226  67.791209            
0.085959067  68.006118            
0.086935875  67.922064            
0.087912682  67.924044            
0.08888949  70.333616            
0.089866298  70.446909            
0.090843105  68.478953            
0.091819913  67.156007            
0.09279672  68.273735            
0.093773528  69.594167            
0.094750335  68.902468            
0.095727143  69.790778            
0.096703951  69.606275            
0.097680758  67.536615            
0.098657566  67.711512            
0.099634373  67.497525            
0.10061118  67.463193            
0.10158799  67.48654            
0.1025648  68.473678            
0.1035416  67.477057            
0.10451841  69.880259            
0.10549522  68.849966            
0.10647203  66.631691            
0.10744883  66.440352            
0.10842564  68.671092            
0.10940245  68.248191            
0.11037926  68.208288            
0.11135606  67.838973            
0.11233287  67.282528            
0.11330968  68.993518            
0.11428649  69.762852            
0.11526329  67.410222            
0.1162401  68.248191            
0.11721691  68.085659            
0.11819372  67.410975            
0.11917053  68.12562            
0.12014733  67.660849            
0.12112414  68.38067            
0.12210095  67.79246            
0.12307776  68.165225            
0.12405456  68.800983            
0.12503137  67.546431            
0.12600818  66.791108            
0.12698499  68.166267            
0.12796179  67.544296            
0.1289386  66.49758            
0.12991541  66.585916            
0.13089222  67.373303            
0.13186902  68.7493            
0.13284583  66.623828            
0.13382264  68.503618            
0.13479945  68.419489            
0.13577625  67.581143            
0.13675306  65.789901            
0.13772987  67.037527            
0.13870668  65.99398            
0.13968348  66.210076            
0.14066029  67.207577            
0.1416371  67.089807            
0.14261391  67.327324            
0.14359071  66.920266            
0.14456752  68.660881            
0.14554433  67.16981            
0.14652114  67.914354            
0.14749794  67.582154            
0.14847475  68.084665            
0.14945156  68.369198            
0.15042837  67.665657            
0.15140518  67.334469            
0.15238198  67.965958            
0.15335879  68.741651            
0.1543356  67.583039            
0.15531241  68.042768            
0.15628921  67.903049            
0.15726602  66.508049            
0.15824283  67.663394            
0.15921964  67.415533            
0.16019644  67.770546            
0.16117325  65.800892            
0.16215006  67.203727            
0.16312687  66.907492            
0.16410367  66.590276            
0.16508048  67            
0.16605729  66.913093            
0.1670341  66.547134            
0.1680109  66.882543            
0.16898771  67.276908            
0.16996452  66.380573            
0.17094133  67.132571            
0.17191813  67.442463            
0.17289494  66            
0.17387175  66.087904            
0.17484856  66.408354            
0.17582536  66            
0.17680217  66.267405            
0.17777898  67.413927            
0.17875579  66.73184            
0.1797326  65.944806            
0.1807094  67.96026            
0.18168621  67.790319            
0.18266302  68            
0.18363983  67.50578            
0.18461663  65.652526            
0.18559344  67.542384            
0.18657025  67.79657            
0.18754706  67.638796            
0.18852386  66.089772            
0.18950067  66.496382            
0.19047748  66.587716            
0.19145429  66.953613            
0.19243109  67.201189            
0.1934079  69.163714            
0.19438471  68.52419            
0.19536152  67.321008            
0.19633832  66.638448            
0.19731513  67.426717            
0.19829194  68.255427            
0.19926875  68.255427            
0.20024555  68.255427            
0.20122236  67.840168            
0.20219917  66.091516            
0.20317598  66.357585            
0.20415278  65.791793            
0.20512959  66.185119            
0.2061064  67.139363            
0.20708321  67.564845            
0.20806002  67.024054            
0.20903682  67.549892            
0.21001363  65.149366            
0.21099044  67.719387            
0.21196725  66.729639            
0.21294405  67.79237            
0.21392086  67.718255            
0.21489767  66.496382            
0.21587448  66.591002            
0.21685128  67.188131            
0.21782809  67.528364            
0.2188049  65.780014            
0.21978171  66.811116            
0.22075851  66.046942            
0.22173532  66.343569            
0.22271213  67.084016            
0.22368894  67.932581            
0.22466574  65.782278            
0.22564255  66.80961            
0.22661936  66.381281            
0.22759617  67.809109            
0.22857297  67.04744            
0.22954978  67.153187            
0.23052659  66.848325            
0.2315034  67.206412            
0.2324802  66.518939            
0.23345701  64.978071            
0.23443382  66.902979            
0.23541063  66.159855            
0.23638743  65.281924            
0.23736424  67.061579            
0.23834105  65.491307            
0.23931786  66.404562            
0.24029467  66.043761            
0.24127147  65.963116            
0.24224828  65.287465            
0.24322509  67.601777            
0.2442019  67.860514            
0.2451787  67.400923            
0.24615551  67.707218            
0.24713232  66.600865            
0.24810913  67.147476            
0.24908593  67.652892            
0.25006274  67.100338            
0.25103955  66.496382            
0.25201636  66.595678            
0.25299316  67            
0.25396997  67            
0.25494678  66.455366            
0.25592359  64.64453            
0.25690039  66.049771            
0.2578772  65.597663            
0.25885401  66.706693            
0.25983082  65.89617            
0.26080762  67.302751            
0.26178443  66.097032            
0.26276124  65.046541            
0.26373805  66.847837            
0.26471485  65.397424            
0.26569166  66.044023            
0.26666847  66.248191            
0.26764528  66.096941            
0.26862209  65.64782            
0.26959889  66.198135            
0.2705757  66.051579            
0.27155251  65.799414            
0.27252932  64.404872            
0.27350612  66.050305            
0.27448293  65.741581            
0.27545974  64.158186            
0.27643655  66.261144            
0.27741335  68.10229            
0.27839016  67.299676            
0.27936697  66.554297            
0.28034378  66.85477            
0.28132058  66.896841            
0.28229739  65.605349            
0.2832742  66.359465            
0.28425101  67.288437            
0.28522781  65.290684            
0.28620462  64.858656            
0.28718143  66.357781            
0.28815824  66.494118            
0.28913504  65.399519            
0.29011185  65.413906            
0.29108866  67            
0.29206547  66.741056            
0.29304227  65.854911            
0.29401908  66.091847            
0.29499589  65.652915            
0.2959727  65.934748            
0.29694951  65.111703            
0.29792631  66.607342            
0.29890312  66.581576            
0.29987993  65.472428            
0.30085674  66.886531            
0.30183354  65.550013            
0.30281035  65.856156            
0.30378716  65.825735            
0.30476397  64.559319            
0.30574077  66.437075            
0.30671758  68.155122            
0.30769439  65.211471            
0.3086712  66.424975            
0.309648  67.422394            
0.31062481  65.407743            
0.31160162  66.15974            
0.31257843  66.644677            
0.31355523  66.193791            
0.31453204  66.101692            
0.31550885  66.823063            
0.31648566  67.572541            
0.31746246  66.374852            
0.31843927  68.180271            
0.31941608  69.053578            
0.32039289  66.76441            
0.32136969  67.852843            
0.3223465  68.680219            
0.32332331  70.091863            
0.32430012  69.874312            
0.32527692  71.032203            
0.32625373  70.46443            
0.32723054  71.681171            
0.32820735  73.62788            
0.32918416  75.053855            
0.33016096  75.465434            
0.33113777  76.683178            
0.33211458  78.194149            
0.33309139  78.87356            
0.33406819  81.841577            
0.335045  82.013723            
0.33602181  84.968975            
0.33699862  86.676509            
0.33797542  91.534753            
0.33895223  97.823527            
0.33992904  98.443614            
0.34090585  87.113541            
0.34188265  73.411613            
0.34285946  62.979887            
0.34383627  58.05487            
0.34481308  56.607685            
0.34578988  56.723828            
0.34676669  54.809193            
0.3477435  51.441343            
0.34872031  51.248191            
0.34969711  51.248191            
0.35067392  51.360253            
0.35165073  52.029861            
0.35262754  52.832335            
0.35360434  52.751751            
0.35458115  53.886925            
0.35555796  52.249265            
0.35653477  54.392438            
0.35751158  55.638863            
0.35848838  55.361264            
0.35946519  56.201352            
0.360442  57.301764            
0.36141881  55.863631            
0.36239561  56.69924            
0.36337242  58.361896            
0.36434923  58.637978            
0.36532604  58.135871            
0.36630284  58.543839            
0.36727965  61.249832            
0.36825646  61.709488            
0.36923327  62.913683            
0.37021007  61.353216            
0.37118688  60.342499            
0.37216369  61.61681            
0.3731405  61.715056            
0.3741173  60.57834            
0.37509411  60.623998            
0.37607092  62.693306            
0.37704773  62.267093            
0.37802453  61.841523            
0.37900134  63.057032            
0.37997815  63.134002            
0.38095496  62.692986            
0.38193176  62.726926            
0.38290857  63.902361            
0.38388538  64.791663            
0.38486219  63.248191            
0.385839  63.133255            
0.3868158  62.983608            
0.38779261  63.692537            
0.38876942  63.557399            
0.38974623  63.175142            
0.39072303  61.480994            
0.39169984  62.714298            
0.39267665  64.132383            
0.39365346  63.692153            
0.39463026  63.965687            
0.39560707  65.151685            
0.39658388  64.058153            
0.39756069  64.600879            
0.39853749  65.340466            
0.3995143  64.235061            
0.40049111  64.764688            
0.40146792  63.351775            
0.40244472  61.601059            
0.40342153  63.040936            
0.40439834  63.703322            
0.40537515  62.746285            
0.40635195  62.988627            
0.40732876  63.632417            
0.40830557  63.783449            
0.40928238  65.207084            
0.41025918  64.015884            
0.41123599  63.487986            
0.4122128  63.956229            
0.41318961  63.059212            
0.41416641  63.129642            
0.41514322  62.572069            
0.41612003  62.059399            
0.41709684  62.307652            
0.41807365  62.736212            
0.41905045  63.498119            
0.42002726  63.321196            
0.42100407  62.626893            
0.42198088  62.494518            
0.42295768  63.066942            
0.42393449  62.556279            
0.4249113  62.86624            
0.42588811  62.88456            
0.42686491  62.170417            
0.42784172  63.077332            
0.42881853  61.806537            
0.42979534  62.607981            
0.43077214  64.624284            
0.43174895  65            
0.43272576  64.63549            
0.43370257  63.686943            
0.43467937  63.886634            
0.43565618  63.111977            
0.43663299  64.003593            
0.4376098  63.432271            
0.4385866  63.570632            
0.43956341  62.248191            
0.44054022  62.248191            
0.44151703  62.309209            
0.44249383  62.620324            
0.44347064  62.568434            
0.44444745  61.804392            
0.44542426  63.503618            
0.44640107  62.946285            
0.44737787  62.114841            
0.44835468  64.565654            
0.44933149  63.627313            
0.4503083  62.496382            
0.4512851  62.806386            
0.45226191  63.434256            
0.45323872  62.621715            
0.45421553  62.750885            
0.45519233  61.874415            
0.45616914  61.871711            
0.45714595  62.562279            
0.45812276  61.560387            
0.45909956  62.622473            
0.46007637  62.434743            
0.46105318  61.185868            
0.46202999  62.314821            
0.46300679  62.632527            
0.4639836  64.812807            
0.46496041  63.685745            
0.46593722  64.12304            
0.46691402  63.309691            
0.46789083  62.379857            
0.46886764  63.186146            
0.46984445  62.691628            
0.47082125  63.620844            
0.47179806  62.629517            
0.47277487  63.253884            
0.47375168  63.808939            
0.47472849  63.250032            
0.47570529  63.127187            
0.4766821  62.176929            
0.47765891  61.326966            
0.47863572  63.87858            
0.47961252  64.311639            
0.48058933  64.369362            
0.48156614  64.321568            
0.48254295  65.126303            
0.48351975  64.495165            
0.48449656  63.558673            
0.48547337  63.450471            
0.48645018  64.622179            
0.48742698  63.926597            
0.48840379  63.256033            
0.4893806  63.930562            
0.49035741  63.880075            
0.49133421  64.637105            
0.49231102  66.1411            
0.49328783  66.088297            
0.49426464  63.139978            
0.49524144  64.05298            
0.49621825  63.756289            
0.49719506  64.236224            
0.49817187  63.823306            
0.49914867  65.273128            
0.50012548  66.163344            
0.50110229  64.366746            
0.5020791  64.393065            
0.5030559  65.436782            
0.50403271  64.791262            
0.50500952  63.895918            
0.50598633  64.934871            
0.50696314  64.686617            
0.50793994  64.766536            
0.50891675  65.568934            
0.50989356  65.817188            
0.51087037  65.141638            
0.51184717  63.734759            
0.51282398  66.826121            
0.51380079  67.879655            
0.5147776  68.386807            
0.5157544  69.612339            
0.51673121  72.398725            
0.51770802  72.505862            
0.51868483  70.409732            
0.51966163  73.579765            
0.52063844  77.455544            
0.52161525  78.470118            
0.52259206  83.748674            
0.52356886  98.363616            
0.52454567  108.05792            
0.52552248  111.43574            
0.52649929  128.57678            
0.52747609  154.93204            
0.5284529  174.45536            
0.52942971  150.62303            
0.53040652  118.96964            
0.53138332  106.25091            
0.53236013  99.747605            
0.53333694  93.652783            
0.53431375  89.797241            
0.53529056  88.032461            
0.53626736  84.409272            
0.53724417  82.419872            
0.53822098  78.954986            
0.53919779  77.294641            
0.54017459  76.140137            
0.5411514  73.818736            
0.54212821  72.204268            
0.54310502  72.275399            
0.54408182  70.388033            
0.54505863  68.614596            
0.54603544  68.180508            
0.54701225  68.137466            
0.54798905  68.298218            
0.54896586  67.41048            
0.54994267  66.02215            
0.55091948  64.676578            
0.55189628  64.22217            
0.55287309  63.428263            
0.5538499  63.661255            
0.55482671  64.131646            
0.55580351  62.221167            
0.55678032  61.566744            
0.55775713  62.234813            
0.55873394  62.881191            
0.55971074  61.248191            
0.56068755  62.008985            
0.56166436  63.862641            
0.56264117  63.295388            
0.56361798  62.889418            
0.56459478  63.039583            
0.56557159  62.358524            
0.5665484  62.277976            
0.56752521  63            
0.56850201  62.58329            
0.56947882  61.851525            
0.57045563  62.33233            
0.57143244  61.527422            
0.57240924  61.899344            
0.57338605  61.279733            
0.57436286  61.861021            
0.57533967  61.781825            
0.57631647  62.63764            
0.57729328  62.719263            
0.57827009  62.211249            
0.5792469  62.682008            
0.5802237  62.785108            
0.58120051  63.785359            
0.58217732  63.867607            
0.58315413  62.600484            
0.58413093  63.428314            
0.58510774  62.758067            
0.58608455  62.134658            
0.58706136  63.892407            
0.58803816  63.538422            
0.58901497  62.314123            
0.58999178  63.894836            
0.59096859  63.68487            
0.59194539  62.17758            
0.5929222  61.785921            
0.59389901  61.318926            
0.59487582  61.710839            
0.59585263  62.391977            
0.59682943  62.678819            
0.59780624  62.496382            
0.59878305  62.496382            
0.59975986  62.784964            
0.60073666  63.790378            
0.60171347  64.072063            
0.60269028  63.358558            
0.60366709  64.105475            
0.60464389  63.319122            
0.6056207  62.391156            
0.60659751  62.818204            
0.60757432  63.073695            
0.60855112  62.96457            
0.60952793  62.030904            
0.61050474  61.713857            
0.61148155  62.248191            
0.61245835  62.32011            
0.61343516  62.642443            
0.61441197  62.56354            
0.61538878  61.93322            
0.61636558  62.925728            
0.61734239  62.309087            
0.6183192  61.758453            
0.61929601  62.489298            
0.62027281  61.612387            
0.62124962  62.423903            
0.62222643  63.052493            
0.62320324  64.707468            
0.62418005  63.4871            
0.62515685  62.616074            
0.62613366  63.208211            
0.62711047  62.423529            
0.62808728  62.835765            
0.62906408  64.102236            
0.63004089  63.900018            
0.6310177  64.033989            
0.63199451  63.281992            
0.63297131  63.120077            
0.63394812  64.222004            
0.63492493  64.307424            
0.63590174  63.617399            
0.63687854  64.126861            
0.63785535  63.544488            
0.63883216  64.694085            
0.63980897  65.452863            
0.64078577  64.597123            
0.64176258  64.769005            
0.64273939  65.850148            
0.6437162  65.720273            
0.644693  66.770323            
0.64566981  68.224268            
0.64664662  68.900006            
0.64762343  69.248191            
0.64860023  69.473025            
0.64957704  70.598616            
0.65055385  71.47523            
0.65153066  70.998801            
0.65250747  74.326586            
0.65348427  77.399376            
0.65446108  76.827092            
0.65543789  78.824292            
0.6564147  80.574989            
0.6573915  84.927787            
0.65836831  87.33129            
0.65934512  91.360915            
0.66032193  91.640004            
0.66129873  76.385123            
0.66227554  64.691717            
0.66325235  60.581577            
0.66422916  55.990181            
0.66520596  53.343261            
0.66618277  51.248191            
0.66715958  51.323598            
0.66813639  51.269975            
0.66911319  50.294217            
0.67009  49.630567            
0.67106681  50.198789            
0.67204362  49.272048            
0.67302042  49.203675            
0.67399723  50.096505            
0.67497404  50.363475            
0.67595085  51.369757            
0.67692765  51.346594            
0.67790446  52.409542            
0.67888127  51.188431            
0.67985808  52.751809            
0.68083488  53.366487            
0.68181169  54.365652            
0.6827885  53.882854            
0.68376531  55.057672            
0.68474212  55.823332            
0.68571892  56.540597            
0.68669573  57.984001            
0.68767254  58.271237            
0.68864935  57.749571            
0.68962615  58.21009            
0.69060296  59.404236            
0.69157977  59.674845            
0.69255658  59.580644            
0.69353338  59.205447            
0.69451019  58.305866            
0.695487  59            
0.69646381  59.077275            
0.69744061  59.716726            
0.69841742  60.04844            
0.69939423  58.88821            
0.70037104  59.674284            
0.70134784  59.816227            
0.70232465  60.268407            
0.70330146  60.378031            
0.70427827  61.358406            
0.70525507  60.8901            
0.70623188  61.515843            
0.70720869  60.841806            
0.7081855  61.205412            
0.7091623  62.515277            
0.71013911  61.685132            
0.71111592  61.473818            
0.71209273  61.870596            
0.71306954  60.733669            
0.71404634  61.40727            
0.71502315  61.671063            
0.71599996  61.577192            
0.71697677  61.751809            
0.71795357  62.149623            
0.71893038  62.29198            
0.71990719  61.147957            
0.720884  62            
0.7218608  62.396774            
0.72283761  63.408407            
0.72381442  63.273085            
0.72479123  62.250497            
0.72576803  62.094832            
0.72674484  61.190437            
0.72772165  60.713114            
0.72869846  62.409166            
0.72967526  62.431922            
0.73065207  61.429354            
0.73162888  61.064962            
0.73260569  62.147113            
0.73358249  62.43786            
0.7345593  61.168486            
0.73553611  61.321393            
0.73651292  62.48363            
0.73748972  63.341506            
0.73846653  62.677854            
0.73944334  61.112825            
0.74042015  59.650917            
0.74139696  60.416241            
0.74237376  60.977032            
0.74335057  61.854476            
0.74432738  60.496382            
0.74530419  60.418336            
0.74628099  60.333533            
0.7472578  60.903648            
0.74823461  61.588307            
0.74921142  61.086913            
0.75018822  61.891036            
0.75116503  63.521492            
0.75214184  61.75281            
0.75311865  61.324201            
0.75409545  61.658283            
0.75507226  62.321538            
0.75604907  62.754412            
0.75702588  62.248191            
0.75800268  62.658923            
0.75897949  63.419987            
0.7599563  63.415581            
0.76093311  63.675286            
0.76190991  62.928728            
0.76288672  61.83332            
0.76386353  61.424231            
0.76484034  60.661128            
0.76581714  61.090365            
0.76679395  60.743519            
0.76777076  62.245128            
0.76874757  63.00015            
0.76972437  62.662665            
0.77070118  62.008717            
0.77167799  61.325107            
0.7726548  63.42751            
0.77363161  62.668804            
0.77460841  63.336703            
0.77558522  62.503676            
0.77656203  61.33645            
0.77753884  61.417033            
0.77851564  62.005499            
0.77949245  61.418641            
0.78046926  61.248191            
0.78144607  61.082802            
0.78242287  61.082836            
0.78339968  62.080678            
0.78437649  63.171048            
0.7853533  63.085185            
0.7863301  61.248191            
0.78730691  61.165123            
0.78828372  61.921705            
0.78926053  63.247802            
0.79023733  62.248191            
0.79121414  61.660112            
0.79219095  61.170711            
0.79316776  62.670502            
0.79414456  62.577611            
0.79512137  62.083711            
0.79609818  62.328789            
0.79707499  61.496382            
0.79805179  61.496382            
0.7990286  61.750272            
0.80000541  61.910234            
0.80098222  61.164251            
0.80195903  60.745544            
0.80293583  60.502836            
0.80391264  61.33896            
0.80488945  62.510044            
0.80586626  63.41691            
0.80684306  62.653078            
0.80781987  62.007559            
0.80879668  63.340215            
0.80977349  63.744034            
0.81075029  63.332754            
0.8117271  63.070789            
0.81270391  62.335348            
0.81368072  62.755397            
0.81465752  63.585149            
0.81563433  64.078442            
0.81661114  63.579459            
0.81758795  63.505666            
0.81856475  64.257664            
0.81954156  64.148499            
0.82051837  63.338475            
0.82149518  63.656522            
0.82247198  62.741582            
0.82344879  62.333564            
0.8244256  61.981281            
0.82540241  61.085497            
0.82637921  61.766537            
0.82735602  62.318707            
0.82833283  61.49888            
0.82930964  62.366082            
0.83028645  64.345737            
0.83126325  64.825754            
0.83224006  63.629533            
0.83321687  62.081267            
0.83419368  63.202354            
0.83517048  66.215725            
0.83614729  68.067681            
0.8371241  66.46696            
0.83810091  65.956926            
0.83907771  69.230159            
0.84005452  72.782924            
0.84103133  74.945185            
0.84200814  77.991932            
0.84298494  82.119426            
0.84396175  87.591378            
0.84493856  99.828074            
0.84591537  114.24853            
0.84689217  127.45499            
0.84786898  151.22821            
0.84884579  176.41411            
0.8498226  152.2895            
0.8507994  119.94361            
0.85177621  105.94644            
0.85275302  98.378489            
0.85372983  92.153898            
0.85470663  88.312432            
0.85568344  86.444284            
0.85666025  83.263863            
0.85763706  79.941709            
0.85861386  78.530799            
0.85959067  78.090556            
0.86056748  76.122911            
0.86154429  75.574392            
0.8625211  70.906693            
0.8634979  67.728985            
0.86447471  66.094076            
0.86545152  63.64056            
0.86642833  63.178796            
0.86740513  63.503618            
0.86838194  63.680094            
0.86935875  63.9117            
0.87033556  62.860456            
0.87131236  60.803489            
0.87228917  60.445015            
0.87326598  60.354953            
0.87424279  59.906858            
0.87521959  61.911326            
0.8761964  61.483013            
0.87717321  61.177597            
0.87815002  61.676694            
0.87912682  62            
0.88010363  61.822029            
0.88108044  61.862405            
0.88205725  62.14458            
0.88303405  61.503618            
0.88401086  61.411782            
0.88498767  61.429388            
0.88596448  61.570486            
0.88694128  60.887899            
0.88791809  60.790311            
0.8888949  61.209312            
0.88987171  60.519628            
0.89084852  60.638704            
0.89182532  60.815443            
0.89280213  61.439417            
0.89377894  60.272192            
0.89475575  60.931648            
0.89573255  61.248191            
0.89670936  61.250816            
0.89768617  61.2528            
0.89866298  61.067853            
0.89963978  60.751809            
0.90061659  60.751809            
0.9015934  60.204406            
0.90257021  58.974301            
0.90354701  59.044539            
0.90452382  60            
0.90550063  60.090605            
0.90647744  60.800124            
0.90745424  61.206733            
0.90843105  60.707443            
0.90940786  61.500969            
0.91038467  60.948234            
0.91136147  60.457545            
0.91233828  61.248191            
0.91331509  61.339294            
0.9142919  61.037897            
0.9152687  60.524534            
0.91624551  61.09129            
0.91722232  61.527574            
0.91819913  61.544833            
0.91917594  61.026239            
0.92015274  61.499051            
0.92112955  61.04027            
0.92210636  60.248191            
0.92308317  61.3596            
0.92405997  61.867899            
0.92503678  60.427479            
0.92601359  61.908087            
0.9269904  61.381227            
0.9279672  60.935884            
0.92894401  61.62196            
0.92992082  61.51007            
0.93089763  60.435328            
0.93187443  61.215932            
0.93285124  60.791388            
0.93382805  59.586203            
0.93480486  60.992764            
0.93578166  61.183231            
0.93675847  60.662137            
0.93773528  59.809556            
0.93871209  61.779867            
0.93968889  62.660439            
0.9406657  61.155344            
