0  66.12301            
0.00097631863  65.188865            
0.0019526373  64.719068            
0.0029289559  64.370998            
0.0039052745  63.693984            
0.0048815932  65.132117            
0.0058579118  65.842877            
0.0068342304  64.654517            
0.0078105491  64.105286            
0.0087868677  64.204177            
0.0097631863  60.919326            
0.010739505  63.718688            
0.011715824  63.495446            
0.012692142  63.619251            
0.013668461  64.626236            
0.014644779  65.180544            
0.015621098  63.058369            
0.016597417  63.663601            
0.017573735  64.719134            
0.018550054  64.177664            
0.019526373  62.351564            
0.020502691  64.759045            
0.02147901  64.568201            
0.022455329  63.349744            
0.023431647  63.968623            
0.024407966  63.814439            
0.025384284  64.185685            
0.026360603  64.036168            
0.027336922  65.478921            
0.02831324  61.964761            
0.029289559  63.065928            
0.030265878  60.218408            
0.031242196  62.311275            
0.032218515  65.907381            
0.033194833  63.75147            
0.034171152  65.534313            
0.035147471  65.350895            
0.036123789  62.842578            
0.037100108  65.069702            
0.038076427  64.052599            
0.039052745  65.703172            
0.040029064  61.806988            
0.041005383  62.436996            
0.041981701  63.898212            
0.04295802  65.18894            
0.043934338  66.109127            
0.044910657  63.036345            
0.045886976  61.526334            
0.046863294  61.654033            
0.047839613  61.445397            
0.048815932  64.576979            
0.04979225  63.271525            
0.050768569  63.526888            
0.051744887  63.961455            
0.052721206  65.509993            
0.053697525  65.563388            
0.054673843  65.532649            
0.055650162  62.355403            
0.056626481  64.624167            
0.057602799  62.022768            
0.058579118  64.088288            
0.059555437  65.366812            
0.060531755  69.971824            
0.061508074  69.52652            
0.062484392  67.327755            
0.063460711  63.766789            
0.06443703  62.051151            
0.065413348  62.72859            
0.066389667  64.213776            
0.067365986  61.935588            
0.068342304  61.697729            
0.069318623  63.133504            
0.070294941  62.448663            
0.07127126  63.914153            
0.072247579  63.56255            
0.073223897  65.978197            
0.074200216  65.553087            
0.075176535  63.772804            
0.076152853  62.021612            
0.077129172  62.755698            
0.078105491  66.442398            
0.079081809  64.056501            
0.080058128  64.447243            
0.081034446  64.02772            
0.082010765  64.163603            
0.082987084  63.795926            
0.083963402  66.082181            
0.084939721  64.890774            
0.08591604  65.730733            
0.086892358  63.641158            
0.087868677  64.61458            
0.088844996  63.530049            
0.089821314  64.101647            
0.090797633  66.951454            
0.091773951  66.142514            
0.09275027  63.438601            
0.093726589  64.64697            
0.094702907  61.934108            
0.095679226  63.469591            
0.096655545  63.355885            
0.097631863  64.409747            
0.098608182  65.564024            
0.0995845  63.973457            
0.10056082  64.099148            
0.10153714  66.687128            
0.10251346  64            
0.10348977  64.265249            
0.10446609  66.344691            
0.10544241  64.921487            
0.10641873  64.149469            
0.10739505  63.51018            
0.10837137  65.431237            
0.10934769  62.830334            
0.11032401  63.346943            
0.11130032  62.051598            
0.11227664  62.70453            
0.11325296  64.269547            
0.11422928  62.500074            
0.1152056  64.545165            
0.11618192  62.848759            
0.11715824  63.655112            
0.11813455  62.822148            
0.11911087  63.50288            
0.12008719  63.420658            
0.12106351  62.87844            
0.12203983  64.278488            
0.12301615  66.827706            
0.12399247  67.377922            
0.12496878  66.054522            
0.1259451  64.153774            
0.12692142  63.366439            
0.12789774  64.497103            
0.12887406  64.253904            
0.12985038  62.141929            
0.1308267  63.521658            
0.13180302  63.92472            
0.13277933  65.35558            
0.13375565  64            
0.13473197  64.024312            
0.13570829  64.175442            
0.13668461  63.5271            
0.13766093  63.47708            
0.13863725  61.502311            
0.13961356  65.958071            
0.14058988  63.151734            
0.1415662  62.513631            
0.14254252  64.790116            
0.14351884  62.673312            
0.14449516  62.048765            
0.14547148  62.367008            
0.14644779  60.857218            
0.14742411  59.733497            
0.14840043  62.142031            
0.14937675  63.385345            
0.15035307  62.55407            
0.15132939  65.198552            
0.15230571  62.48218            
0.15328203  64.774943            
0.15425834  64.907039            
0.15523466  63.953309            
0.15621098  63.659026            
0.1571873  65.116776            
0.15816362  63.56722            
0.15913994  61.767335            
0.16011626  62.084888            
0.16109257  62.977362            
0.16206889  62.911159            
0.16304521  64.412248            
0.16402153  63.565048            
0.16499785  64.233037            
0.16597417  64.006585            
0.16695049  64            
0.1679268  64.022204            
0.16890312  64.15833            
0.16987944  63.152634            
0.17085576  62.470943            
0.17183208  64.493007            
0.1728084  61.906347            
0.17378472  63.569115            
0.17476104  64.18288            
0.17573735  63.634502            
0.17671367  64.978985            
0.17768999  64.736202            
0.17866631  64.475487            
0.17964263  64.255427            
0.18061895  64.255427            
0.18159527  64.190795            
0.18257158  63.482343            
0.1835479  63.169339            
0.18452422  62.440397            
0.18550054  64.376471            
0.18647686  63.13401            
0.18745318  64.27056            
0.1884295  61.892112            
0.18940581  63.769743            
0.19038213  66.689472            
0.19135845  65.630708            
0.19233477  61.600861            
0.19331109  62.917753            
0.19428741  64.565235            
0.19526373  62.558386            
0.19624005  63.454046            
0.19721636  65.628553            
0.19819268  64.125902            
0.199169  62.465767            
0.20014532  59.749634            
0.20112164  65.320986            
0.20209796  63.228156            
0.20307428  63.060502            
0.20405059  63.832034            
0.20502691  64.651984            
0.20600323  63.58392            
0.20697955  64.291576            
0.20795587  61.930498            
0.20893219  64.026266            
0.20990851  64.149925            
0.21088482  62.921523            
0.21186114  62.195851            
0.21283746  64.288474            
0.21381378  62.133775            
0.2147901  66.28694            
0.21576642  61.195453            
0.21674274  66.207573            
0.21771905  62.705931            
0.21869537  62.528998            
0.21967169  65.816386            
0.22064801  63.503068            
0.22162433  63.534521            
0.22260065  63.962533            
0.22357697  63.616736            
0.22455329  64.78175            
0.2255296  62.280377            
0.22650592  65.695813            
0.22748224  64.907345            
0.22845856  63.788532            
0.22943488  64.081893            
0.2304112  62.232513            
0.23138752  65.144783            
0.23236383  63.781857            
0.23334015  64.400894            
0.23431647  66.10941            
0.23529279  64.09701            
0.23626911  62.320175            
0.23724543  63.248191            
0.23822175  63.21219            
0.23919806  62.852199            
0.24017438  64.361648            
0.2411507  65.59227            
0.24212702  63.461394            
0.24310334  63.140981            
0.24407966  64.936743            
0.24505598  64            
0.2460323  64.087236            
0.24700861  65.047214            
0.24798493  62.282435            
0.24896125  62.658775            
0.24993757  61.718845            
0.25091389  64.813799            
0.25189021  65.520346            
0.25286653  62.299118            
0.25384284  63            
0.25481916  63.016688            
0.25579548  63.399767            
0.2567718  65.476759            
0.25774812  64.883521            
0.25872444  63.264631            
0.25970076  63.397157            
0.26067707  62.190464            
0.26165339  64.967017            
0.26262971  64.480662            
0.26360603  64.189965            
0.26458235  63.199986            
0.26555867  62.696629            
0.26653499  65.40025            
0.26751131  64.095758            
0.26848762  65.465202            
0.26946394  64.895547            
0.27044026  63.232494            
0.27141658  63.078629            
0.2723929  64.31139            
0.27336922  65.098511            
0.27434554  62.682778            
0.27532185  61.922409            
0.27629817  64.426101            
0.27727449  63.232928            
0.27825081  63.137693            
0.27922713  65.233052            
0.28020345  64.817759            
0.28117977  62.105979            
0.28215608  63.73642            
0.2831324  63.541923            
0.28410872  64.285085            
0.28508504  64.647579            
0.28606136  63.133202            
0.28703768  65.203835            
0.288014  64.496807            
0.28899032  64.474157            
0.28996663  64.029336            
0.29094295  64.532408            
0.29191927  64.985667            
0.29289559  64.622121            
0.29387191  62.625093            
0.29484823  64.787839            
0.29582455  65.361534            
0.29680086  63.04207            
0.29777718  63.758534            
0.2987535  64.007069            
0.29972982  64.304347            
0.30070614  65.116469            
0.30168246  62.710269            
0.30265878  61.986349            
0.30363509  61.778988            
0.30461141  62.247797            
0.30558773  62.281744            
0.30656405  63.155168            
0.30754037  65.852466            
0.30851669  63.308932            
0.30949301  64.228607            
0.31046932  63.791659            
0.31144564  64.542898            
0.31242196  65.195685            
0.31339828  64.221874            
0.3143746  63.70585            
0.31535092  63.207028            
0.31632724  66.97406            
0.31730356  66.522196            
0.31827987  66.974681            
0.31925619  66.42693            
0.32023251  65.14502            
0.32120883  68.094916            
0.32218515  69.81423            
0.32316147  70.912831            
0.32413779  69.533318            
0.3251141  74.809484            
0.32609042  71.189159            
0.32706674  75.109975            
0.32804306  77.303937            
0.32901938  78.267056            
0.3299957  78.616931            
0.33097202  81.162028            
0.33194833  84.284255            
0.33292465  85.16041            
0.33390097  88.271527            
0.33487729  89.107405            
0.33585361  96.53825            
0.33682993  97.398797            
0.33780625  100.76794            
0.33878257  106.37379            
0.33975888  109.40272            
0.3407352  118.19229            
0.34171152  123.47508            
0.34268784  150.45382            
0.34366416  170.48575            
0.34464048  163.96857            
0.3456168  135.71534            
0.34659311  118.08478            
0.34756943  102.95563            
0.34854575  90.524739            
0.34952207  85.33124            
0.35049839  81.23978            
0.35147471  75.294348            
0.35245103  70.670834            
0.35342734  69.010732            
0.35440366  69.109088            
0.35537998  65.751809            
0.3563563  65.75151            
0.35733262  65.662832            
0.35830894  63.649738            
0.35928526  61.217728            
0.36026158  60.496673            
0.36123789  60.483463            
0.36221421  60.060087            
0.36319053  61.490379            
0.36416685  60.914507            
0.36514317  58.960979            
0.36611949  58.125937            
0.36709581  61.296552            
0.36807212  62.465069            
0.36904844  61.553553            
0.37002476  63.047421            
0.37100108  64.274053            
0.3719774  64.752079            
0.37295372  64.730675            
0.37393004  64.066578            
0.37490635  65.936281            
0.37588267  64.300442            
0.37685899  65.433535            
0.37783531  63.859133            
0.37881163  66.742992            
0.37978795  66.433067            
0.38076427  64.521004            
0.38174059  64.956593            
0.3827169  63.786335            
0.38369322  64.726288            
0.38466954  63.972717            
0.38564586  63.00953            
0.38662218  63.548122            
0.3875985  65.198395            
0.38857482  63.743373            
0.38955113  63.51289            
0.39052745  63.95109            
0.39150377  62.536906            
0.39248009  63.807686            
0.39345641  65.488495            
0.39443273  65.177078            
0.39540905  62.985001            
0.39638536  62.806633            
0.39736168  64.775576            
0.398338  65.751809            
0.39931432  65.729044            
0.40029064  64.970186            
0.40126696  64.022019            
0.40224328  64.459427            
0.40321959  63.021771            
0.40419591  63.496412            
0.40517223  63.30564            
0.40614855  64.935646            
0.40712487  62.758817            
0.40810119  63.212997            
0.40907751  62.034741            
0.41005383  63.545019            
0.41103014  64.918217            
0.41200646  61.873036            
0.41298278  66.476439            
0.4139591  65.685375            
0.41493542  63.281381            
0.41591174  64.471518            
0.41688806  63.045172            
0.41786437  64.726273            
0.41884069  63.720064            
0.41981701  62.483954            
0.42079333  62.093176            
0.42176965  65.697613            
0.42274597  63.267659            
0.42372229  63.782909            
0.4246986  64.745733            
0.42567492  64.419925            
0.42665124  61.27726            
0.42762756  62.519421            
0.42860388  63.519171            
0.4295802  64.485031            
0.43055652  64.009844            
0.43153284  64.759204            
0.43250915  64.733201            
0.43348547  63.231997            
0.43446179  62.517519            
0.43543811  63.473479            
0.43641443  62.749884            
0.43739075  63.020542            
0.43836707  64.015109            
0.43934338  64.724676            
0.4403197  63.736929            
0.44129602  62.99515            
0.44227234  62.761386            
0.44324866  63.257782            
0.44422498  63.73768            
0.4452013  63.014076            
0.44617761  63.772666            
0.44715393  64.517184            
0.44813025  65.20633            
0.44910657  62.557854            
0.45008289  65.978412            
0.45105921  64.743224            
0.45203553  64.201972            
0.45301185  61.521261            
0.45398816  62.955155            
0.45496448  60.308396            
0.4559408  63.960564            
0.45691712  61.515194            
0.45789344  62.286491            
0.45886976  64.721604            
0.45984608  62.707631            
0.46082239  60.255413            
0.46179871  60.798426            
0.46277503  64.489628            
0.46375135  62.989725            
0.46472767  62.251966            
0.46570399  62.009999            
0.46668031  62.722375            
0.46765662  60.515722            
0.46863294  62.048094            
0.46960926  65.18859            
0.47058558  59.265145            
0.4715619  61.277738            
0.47253822  63.731572            
0.47351454  62.008497            
0.47449086  62.726881            
0.47546717  60.509866            
0.47644349  61.736716            
0.47741981  61.010303            
0.47839613  61.994937            
0.47937245  61.501248            
0.48034877  61.995204            
0.48132509  62.234201            
0.4823014  60.760435            
0.48327772  62.496446            
0.48425404  62.462903            
0.48523036  57.779916            
0.48620668  62.008056            
0.487183  62.992194            
0.48815932  61.994374            
0.48913563  61.248067            
0.49011195  60.239383            
0.49108827  59.005068            
0.49206459  59.747876            
0.49304091  60.251368            
0.49401723  60.741197            
0.49499355  59            
0.49596987  58.997241            
0.49694618  58.504936            
0.4979225  58.751809            
0.49889882  58.751809            
0.49987514  58.747249            
0.50085146  57.756088            
0.50182778  58.729369            
0.5028041  55.015242            
0.50378041  58.993762            
0.50475673  57.234947            
0.50573305  53.254336            
0.50670937  55.254011            
0.50768569  54.747321            
0.50866201  52.998852            
0.50963833  52.500517            
0.51061464  50.9991            
0.51159096  50.499705            
0.51256728  48.004927            
0.5135436  51.749953            
0.51451992  50.0054            
0.51549624  47.752369            
0.51647256  48.744339            
0.51744887  48.000049            
0.51842519  48.75167            
0.51940151  48.751809            
0.52037783  47.241989            
0.52135415  48.502438            
0.52233047  48.503618            
0.52330679  50.00508            
0.52428311  52.251642            
0.52525942  53.501205            
0.52623574  54.996734            
0.52721206  58.997488            
0.52818838  61.991973            
0.5291647  69.481618            
0.53014102  74.48771            
0.53111734  81.217837            
0.53209365  91.46584            
0.53306997  98.221679            
0.53404629  103.48885            
0.53502261  97.537436            
0.53599893  91.030471            
0.53697525  88.755692            
0.53795157  89.245583            
0.53892788  83.78165            
0.5399042  85.47928            
0.54088052  81.019421            
0.54185684  77.017477            
0.54283316  78.000715            
0.54380948  76.013404            
0.5447858  74.760456            
0.54576212  72.51257            
0.54673843  75.234936            
0.54771475  72.278457            
0.54869107  69.764475            
0.54966739  69.252249            
0.55064371  69.747566            
0.55162003  69.505771            
0.55259635  69.510789            
0.55357266  69.749598            
0.55454898  68.761234            
0.5555253  70.233714            
0.55650162  67.769419            
0.55747794  65.027923            
0.55845426  66.480784            
0.55943058  66.994625            
0.56040689  65.260169            
0.56138321  65.991519            
0.56235953  64.513557            
0.56333585  65.982449            
0.56431217  67.23331            
0.56528849  64.782194            
0.56626481  66.726966            
0.56724113  67.249046            
0.56821744  66.016221            
0.56919376  65.013171            
0.57017008  62.529981            
0.5711464  67.190371            
0.57212272  67.003555            
0.57309904  66.021303            
0.57407536  66.985685            
0.57505167  63.303226            
0.57602799  63.988784            
0.57700431  64            
0.57798063  66.96087            
0.57895695  62.811359            
0.57993327  66.436663            
0.58090959  67.236036            
0.5818859  67.499425            
0.58286222  64.302448            
0.58383854  64.980169            
0.58481486  64.512015            
0.58579118  65.973939            
0.5867675  66.250915            
0.58774382  66.986661            
0.58872014  64.298177            
0.58969645  64.498914            
0.59067277  64.252958            
0.59164909  65.966866            
0.59262541  63.544361            
0.59360173  64.727437            
0.59457805  64.258094            
0.59555437  65.228278            
0.59653068  64.025167            
0.597507  64.48625            
0.59848332  64.253319            
0.59945964  63.762189            
0.60043596  64.237687            
0.60141228  64.983903            
0.6023886  63.771767            
0.60336491  67.664007            
0.60434123  66.531278            
0.60531755  65.768657            
0.60629387  66.244015            
0.60727019  64.786256            
0.60824651  64.994252            
0.60922283  63.781028            
0.61019914  62.775468            
0.61117546  63.7279            
0.61215178  63.502553            
0.6131281  63.731456            
0.61410442  65.210937            
0.61508074  62.564922            
0.61605706  64.446068            
0.61703338  66.203683            
0.61800969  65.273848            
0.61898601  65.489952            
0.61996233  64.522538            
0.62093865  66.692253            
0.62191497  67.242003            
0.62289129  65.302196            
0.62386761  66.710978            
0.62484392  64.316802            
0.62582024  65.227572            
0.62679656  64.269263            
0.62777288  65.468069            
0.6287492  64.29088            
0.62972552  63.759211            
0.63070184  62.773476            
0.63167815  62.744573            
0.63265447  66.633987            
0.63363079  66.029314            
0.63460711  67.218104            
0.63558343  64.338864            
0.63655975  64.977144            
0.63753607  66.931684            
0.63851239  67.48082            
0.6394887  68.224772            
0.64046502  67.760387            
0.64144134  67.504237            
0.64241766  71.856336            
0.64339398  72.720636            
0.6443703  71.783974            
0.64534662  73.679512            
0.64632293  72.784469            
0.64729925  75.899324            
0.64827557  77.206746            
0.64925189  79.900416            
0.65022821  79.513208            
0.65120453  83.853203            
0.65218085  89.321547            
0.65315716  89.503869            
0.65413348  91.433825            
0.6551098  93.905281            
0.65608612  96.175338            
0.65706244  102.03458            
0.65803876  103.69086            
0.65901508  108.81004            
0.6599914  118.16471            
0.66096771  119.93846            
0.66194403  128.66072            
0.66292035  156.43765            
0.66389667  178.9196            
0.66487299  167.95772            
0.66584931  136.72984            
0.66682563  109.04961            
0.66780194  99.099911            
0.66877826  91.544823            
0.66975458  86.442931            
0.6707309  78.799799            
0.67170722  77.297359            
0.67268354  72.923101            
0.67365986  68.911083            
0.67463617  67.070318            
0.67561249  65.318947            
0.67658881  65.010086            
0.67756513  66.197153            
0.67854145  65.534249            
0.67951777  64.551943            
0.68049409  62.342405            
0.68147041  61.527874            
0.68244672  61.251718            
0.68342304  62.925438            
0.68439936  64.439507            
0.68537568  62.582467            
0.686352  63.460169            
0.68732832  62.065237            
0.68830464  62.956364            
0.68928095  61.56237            
0.69025727  63.645347            
0.69123359  64.463013            
0.69220991  64.015243            
0.69318623  62.807509            
0.69416255  65.142427            
0.69513887  66.446969            
0.69611518  64.824846            
0.6970915  63.790457            
0.69806782  64.461698            
0.69904414  64.259703            
0.70002046  63.294824            
0.70099678  64.674418            
0.7019731  65.940829            
0.70294941  65.047382            
0.70392573  68.573103            
0.70490205  66.604376            
0.70587837  66.260137            
0.70685469  66.018894            
0.70783101  64.09073            
0.70880733  64.471765            
0.70978365  66.640999            
0.71075996  67.702429            
0.71173628  66.093819            
0.7127126  66.236172            
0.71368892  65.062571            
0.71466524  66.420996            
0.71564156  65.782636            
0.71661788  63.610766            
0.71759419  67.298736            
0.71857051  67.261314            
0.71954683  66.770574            
0.72052315  65.090504            
0.72149947  69.275717            
0.72247579  66.425935            
0.72345211  66.255427            
0.72442842  63.172134            
0.72540474  63.946874            
0.72638106  65.188418            
0.72735738  63.825593            
0.7283337  62.563628            
0.72931002  66.514641            
0.73028634  65.564252            
0.73126266  65.027114            
0.73223897  66.662519            
0.73321529  64.627945            
0.73419161  62.607529            
0.73516793  62.737601            
0.73614425  63.695936            
0.73712057  63.986071            
0.73809689  62.815344            
0.7390732  62.751399            
0.74004952  64.865317            
0.74102584  73.010643            
0.74200216  73.957465            
0.74297848  77.988935            
0.7439548  83.893313            
0.74493112  85.17602            
0.74590743  84.305716            
0.74688375  81.664504            
0.74786007  73.033443            
0.74883639  70.621856            
0.74981271  66.027112            
0.75078903  67.165352            
0.75176535  65.835025            
0.75274167  64.338151            
0.75371798  64.721407            
0.7546943  64.038776            
0.75567062  64.465728            
0.75664694  63.557499            
0.75762326  64.667976            
0.75859958  63.340393            
0.7595759  65.590132            
0.76055221  62.937707            
0.76152853  65.797425            
0.76250485  64.829965            
0.76348117  63.103346            
0.76445749  65.338367            
0.76543381  66.439795            
0.76641013  63.455282            
0.76738644  66.528054            
0.76836276  66.51953            
0.76933908  67.200268            
0.7703154  63.977721            
0.77129172  63.983902            
0.77226804  63.75444            
0.77324436  61.874825            
0.77422068  63.852017            
0.77519699  63.761396            
0.77617331  63.049225            
0.77714963  63.470197            
0.77812595  65.131984            
0.77910227  64.083455            
0.78007859  63.768465            
0.78105491  63.520336            
0.78203122  64.905577            
0.78300754  65.238585            
0.78398386  63.153615            
0.78496018  64.394091            
0.7859365  62.864762            
0.78691282  64.382493            
0.78788914  64.034804            
0.78886545  63.531312            
0.78984177  62.335074            
0.79081809  64.807766            
0.79179441  64.070107            
0.79277073  63.762544            
0.79374705  64.911359            
0.79472337  63.141712            
0.79569968  62.071106            
0.796676  64.548733            
0.79765232  64.514154            
0.79862864  63.80531            
0.79960496  64.91            
0.80058128  63.842121            
0.8015576  64.212152            
0.80253392  62.163789            
0.80351023  62.230047            
0.80448655  63.878204            
0.80546287  62.377662            
0.80643919  62.944477            
0.80741551  63            
0.80839183  59.986621            
0.80936815  63.223186            
0.81034446  60.491865            
0.81132078  60.018639            
0.8122971  60.22949            
0.81327342  59.782647            
0.81424974  60.904775            
0.81522606  60.764011            
0.81620238  59.827606            
0.81717869  58.599229            
0.81815501  60.120802            
0.81913133  58.632003            
0.82010765  58.038395            
0.82108397  59.615871            
0.82206029  59.751809            
0.82303661  58.601099            
0.82401293  58.274872            
0.82498924  58.24876            
0.82596556  57.790947            
0.82694188  57.751809            
0.8279182  53.840697            
0.82889452  53.496958            
0.82987084  53.268008            
0.83084716  51.643351            
0.83182347  50.812213            
0.83279979  52.362431            
0.83377611  52.496967            
0.83475243  52.040254            
0.83572875  48.090728            
0.83670507  47.288693            
0.83768139  48.622104            
0.8386577  48.288941            
0.83963402  48.020437            
0.84061034  49.37943            
0.84158666  49.731248            
0.84256298  48.600698            
0.8435393  49.178901            
0.84451562  49.709106            
0.84549194  52.500284            
0.84646825  58.019941            
0.84744457  59.646535            
0.84842089  63.406822            
0.84939721  66.717186            
0.85037353  71.567313            
0.85134985  82.975304            
0.85232617  99.318028            
0.85330248  105.32923            
0.8542788  105.29878            
0.85525512  101.37402            
0.85623144  95.513548            
0.85720776  92.493132            
0.85818408  88.14402            
0.8591604  82.72226            
0.86013671  82.247557            
0.86111303  80.876647            
0.86208935  75.965277            
0.86306567  72.768628            
0.86404199  72.038019            
0.86501831  71.986171            
0.86599463  74.964126            
0.86697095  72.284235            
0.86794726  74.046138            
0.86892358  69.92326            
0.8698999  69.722215            
0.87087622  68.383366            
0.87185254  65.971361            
0.87282886  70.058179            
0.87380518  83.439563            
0.87478149  88.82305            
0.87575781  92.641927            
0.87673413  92.309331            
0.87771045  80.901839            
0.87868677  72.033348            
0.87966309  70.804331            
0.88063941  68.26269            
0.88161572  68.000674            
0.88259204  68.456615            
0.88356836  69.185072            
0.88454468  65.399288            
0.885521  65.449682            
0.88649732  65.046824            
0.88747364  67.266827            
0.88844996  68.408789            
0.88942627  68.047883            
0.89040259  66.646266            
0.89137891  65.137169            
0.89235523  67.487415            
0.89333155  67.527464            
0.89430787  68.631574            
0.89528419  69.206789            
0.8962605  66.545908            
0.89723682  67.15835            
0.89821314  67.703498            
0.89918946  67.297332            
0.90016578  64.093846            
0.9011421  67.589882            
0.90211842  66.42115            
0.90309473  66.471917            
0.90407105  66.502903            
0.90504737  66.049896            
0.90602369  64.422188            
0.90700001  63.34125            
0.90797633  66.394829            
0.90895265  67.421146            
0.90992896  66.366903            
0.91090528  67.376628            
0.9118816  64.793073            
0.91285792  65.847295            
0.91383424  64.648732            
0.91481056  65.388309            
0.91578688  66.387325            
0.9167632  66.947857            
0.91773951  67            
0.91871583  66.325305            
0.91969215  66.922699            
0.92066847  65.88046            
0.92164479  67.538681            
0.92262111  67.980032            
0.92359743  65.534633            
0.92457374  67.262415            
0.92555006  66.829482            
0.92652638  65.849898            
0.9275027  67.319238            
0.92847902  68.392074            
0.92945534  67.830226            
0.93043166  65.518963            
0.93140797  67.037323            
0.93238429  68.370459            
0.93336061  65.600763            
0.93433693  64.583735            
0.93531325  67.411314            
0.93628957  66.409951            
0.93726589  64.684378            
0.93824221  67.173687            
0.93921852  65.262691            
