0  65.678844            
0.00097680758  65.414746            
0.0019536152  66.336748            
0.0029304227  65.315258            
0.0039072303  65.684616            
0.0048840379  65.215015            
0.0058608455  64.965793            
0.0068376531  64.812145            
0.0078144607  65.147129            
0.0087912682  64.328281            
0.0097680758  63.248191            
0.010744883  63.416918            
0.011721691  65.039075            
0.012698499  67.926244            
0.013675306  64.520052            
0.014652114  66.146794            
0.015628921  65.503618            
0.016605729  65.092579            
0.017582536  62.668293            
0.018559344  63.819905            
0.019536152  64.248191            
0.020512959  64.110504            
0.021489767  63.282426            
0.022466574  63.635571            
0.023443382  64.468257            
0.02442019  64.179347            
0.025396997  63.856267            
0.026373805  64.433518            
0.027350612  64.139444            
0.02832742  64.825634            
0.029304227  64.0317            
0.030281035  65.575802            
0.031257843  64.321077            
0.03223465  63.319049            
0.033211458  63.610859            
0.034188265  62.89301            
0.035165073  63.786916            
0.036141881  63.751764            
0.037118688  62.354913            
0.038095496  63.142204            
0.039072303  63.857545            
0.040049111  62.928131            
0.041025918  62.675854            
0.042002726  63.751809            
0.042979534  63.716204            
0.043956341  63.46691            
0.044933149  63.0685            
0.045909956  62.324216            
0.046886764  64.212337            
0.047863572  63.891203            
0.048840379  63.067247            
0.049817187  62            
0.050793994  62.181571            
0.051770802  63.212025            
0.052747609  62.890259            
0.053724417  62.211901            
0.054701225  62.40306            
0.055678032  64.458365            
0.05665484  62.824764            
0.057631647  63.358875            
0.058608455  64.037669            
0.059585263  64.033304            
0.06056207  62.974309            
0.061538878  64.255427            
0.062515685  64.18065            
0.063492493  63.825636            
0.0644693  64.211215            
0.065446108  63.962962            
0.066422916  63.602327            
0.067399723  62.676401            
0.068376531  62.436485            
0.069353338  63.239347            
0.070330146  61.933498            
0.071306954  63.037412            
0.072283761  63.097203            
0.073260569  62.172024            
0.074237376  62.048649            
0.075214184  63.78947            
0.076190991  63.694916            
0.077167799  62.260566            
0.078144607  63.828608            
0.079121414  63.681252            
0.080098222  60.841453            
0.081075029  62.636597            
0.082051837  62.153498            
0.083028645  62.768821            
0.084005452  61.92016            
0.08498226  63.863122            
0.085959067  61.828501            
0.086935875  62.364535            
0.087912682  63.076941            
0.08888949  63.534915            
0.089866298  63.707103            
0.090843105  63.463834            
0.091819913  63.092184            
0.09279672  62.404449            
0.093773528  63.248191            
0.094750335  63.131472            
0.095727143  62.463513            
0.096703951  62.405453            
0.097680758  62.972258            
0.098657566  61.655288            
0.099634373  62.700851            
0.10061118  63.631678            
0.10158799  63.509952            
0.1025648  65.699164            
0.1035416  62.712342            
0.10451841  62.423407            
0.10549522  62.319042            
0.10647203  63.840228            
0.10744883  63.039716            
0.10842564  63.128855            
0.10940245  62.703984            
0.11037926  63.470161            
0.11135606  61.918904            
0.11233287  61.537577            
0.11330968  61.913338            
0.11428649  62.670334            
0.11526329  62.491823            
0.1162401  63.549251            
0.11721691  62.29957            
0.11819372  61.573758            
0.11917053  63.207727            
0.12014733  62.959474            
0.12112414  62.832985            
0.12210095  63.290027            
0.12307776  63.338393            
0.12405456  62.74341            
0.12503137  63.711757            
0.12600818  62.372083            
0.12698499  63.040962            
0.12796179  63.41468            
0.1289386  64.296513            
0.12991541  64.295474            
0.13089222  63.20698            
0.13186902  63            
0.13284583  63.041336            
0.13382264  63.165395            
0.13479945  63.044448            
0.13577625  64.084761            
0.13675306  62.041585            
0.13772987  62.500502            
0.13870668  63.793518            
0.13968348  63.705162            
0.14066029  62.416747            
0.1416371  63.164398            
0.14261391  62.877685            
0.14359071  63.030477            
0.14456752  61.083692            
0.14554433  62.448326            
0.14652114  61.340123            
0.14749794  63            
0.14847475  62.871769            
0.14945156  62.162166            
0.15042837  61.830725            
0.15140518  62.376988            
0.15238198  62.914837            
0.15335879  62.71808            
0.1543356  63.622446            
0.15531241  63.259104            
0.15628921  64.244137            
0.15726602  62.783035            
0.15824283  62.177882            
0.15921964  64.074867            
0.16019644  63.509181            
0.16117325  64.361015            
0.16215006  62.503618            
0.16312687  62.764479            
0.16410367  64            
0.16508048  63.43212            
0.16605729  60.970343            
0.1670341  62.087032            
0.1680109  62.409226            
0.16898771  61.822894            
0.16996452  61.38991            
0.17094133  63.382038            
0.17191813  63.874477            
0.17289494  63.387095            
0.17387175  63.691056            
0.17484856  62.299441            
0.17582536  62.41418            
0.17680217  62.089564            
0.17777898  62.770112            
0.17875579  63.553497            
0.1797326  61.586325            
0.1807094  62.134457            
0.18168621  62.796259            
0.18266302  63.225157            
0.18363983  63.940805            
0.18461663  62.548255            
0.18559344  62.885907            
0.18657025  63.27127            
0.18754706  62.248191            
0.18852386  62.384158            
0.18950067  63            
0.19047748  63.272688            
0.19145429  64.275625            
0.19243109  63.431364            
0.1934079  64.028122            
0.19438471  63.234854            
0.19536152  63.888886            
0.19633832  62.477759            
0.19731513  63.4114            
0.19829194  62.817964            
0.19926875  62.558076            
0.20024555  64.822041            
0.20122236  63.677465            
0.20219917  62.155341            
0.20317598  62.022167            
0.20415278  63.109205            
0.20512959  62.589611            
0.2061064  63            
0.20708321  63.139552            
0.20806002  63.51846            
0.20903682  62.450188            
0.21001363  62.48217            
0.21099044  63.363312            
0.21196725  62.844571            
0.21294405  63.107507            
0.21392086  62.403371            
0.21489767  62.375258            
0.21587448  64            
0.21685128  63.811869            
0.21782809  63.046755            
0.2188049  63.10774            
0.21978171  62.597376            
0.22075851  63.046942            
0.22173532  63.390573            
0.22271213  63.810363            
0.22368894  62.857241            
0.22466574  62.534087            
0.22564255  63.799062            
0.22661936  63.571404            
0.22759617  62.229728            
0.22857297  64.064284            
0.22954978  63.159038            
0.23052659  62.702858            
0.2315034  62.496382            
0.2324802  62.545461            
0.23345701  62.654914            
0.23443382  62.634882            
0.23541063  64.254031            
0.23638743  64.007103            
0.23736424  63.0974            
0.23834105  63.164376            
0.23931786  61.993837            
0.24029467  62.805846            
0.24127147  62.096499            
0.24224828  62.887102            
0.24322509  64.112394            
0.2442019  62.447946            
0.2451787  62.248191            
0.24615551  62.689487            
0.24713232  64.209043            
0.24810913  63            
0.24908593  63.048748            
0.25006274  63.051527            
0.25103955  62.495403            
0.25201636  63.552553            
0.25299316  63.603389            
0.25396997  63            
0.25494678  63.148797            
0.25592359  63.404654            
0.25690039  61.701651            
0.2578772  60.844416            
0.25885401  62.397743            
0.25983082  63            
0.26080762  63.149929            
0.26178443  63.402016            
0.26276124  62.04962            
0.26373805  62.299322            
0.26471485  62.753791            
0.26569166  63.600937            
0.26666847  63            
0.26764528  63.201181            
0.26862209  63.798568            
0.26959889  62.848373            
0.2705757  62.096375            
0.27155251  61.75021            
0.27252932  62.750344            
0.27350612  62.948727            
0.27448293  63.24373            
0.27545974  61.248191            
0.27643655  61.707034            
0.27741335  63.195871            
0.27839016  62.095473            
0.27936697  62.395025            
0.28034378  61.897039            
0.28132058  61.854968            
0.28229739  63.144977            
0.2832742  62.540861            
0.28425101  61.906266            
0.28522781  62.400025            
0.28620462  62.10372            
0.28718143  62.657149            
0.28815824  63.249685            
0.28913504  63.35803            
0.29011185  63.854537            
0.29108866  64.093912            
0.29206547  63.606595            
0.29304227  63.740743            
0.29401908  62.595465            
0.29499589  62.676299            
0.2959727  64.989503            
0.29694951  64.005726            
0.29792631  63.739177            
0.29890312  62.698371            
0.29987993  62.444395            
0.30085674  62.61557            
0.30183354  64.105742            
0.30281035  64.239707            
0.30378716  63.143719            
0.30476397  62.804107            
0.30574077  63            
0.30671758  62.895154            
0.30769439  62.926559            
0.3086712  63.921001            
0.309648  62.12161            
0.31062481  63.496382            
0.31160162  63.283908            
0.31257843  62.496382            
0.31355523  62.763758            
0.31453204  63.80473            
0.31550885  63.945472            
0.31648566  64.279669            
0.31746246  66.249739            
0.31843927  66.253877            
0.31941608  66.409441            
0.32039289  66.838562            
0.32136969  66.624802            
0.3223465  68.161816            
0.32332331  69.020777            
0.32430012  69.944895            
0.32527692  69.906955            
0.32625373  70.875191            
0.32723054  73.006689            
0.32820735  75.698016            
0.32918416  75.611329            
0.33016096  76.761136            
0.33113777  79.611578            
0.33211458  80.707276            
0.33309139  83.95786            
0.33406819  87.048445            
0.335045  89.436995            
0.33602181  91.656246            
0.33699862  94.765706            
0.33797542  98.154133            
0.33895223  102.03289            
0.33992904  109.03465            
0.34090585  117.35802            
0.34188265  132.62573            
0.34285946  158.80509            
0.34383627  180.56592            
0.34481308  150.13187            
0.34578988  121.46341            
0.34676669  102.2837            
0.3477435  91.324602            
0.34872031  92.048337            
0.34969711  88.280997            
0.35067392  79.277381            
0.35165073  74.048032            
0.35262754  70.584144            
0.35360434  69.217762            
0.35458115  66.664424            
0.35555796  67.135498            
0.35653477  67.249831            
0.35751158  67.934313            
0.35848838  63.967946            
0.35946519  62.717816            
0.360442  62.365421            
0.36141881  64.053071            
0.36239561  62.559591            
0.36337242  62.977585            
0.36434923  64.033933            
0.36532604  64.547445            
0.36630284  62.885916            
0.36727965  62.496382            
0.36825646  62.723412            
0.36923327  63.554436            
0.37021007  63.579102            
0.37118688  63.621228            
0.37216369  65.808405            
0.3731405  65.771715            
0.3741173  65.113441            
0.37509411  65.553165            
0.37607092  65.574037            
0.37704773  65            
0.37802453  64.54092            
0.37900134  63.058695            
0.37997815  63.599658            
0.38095496  64.694652            
0.38193176  65.311356            
0.38290857  67.313181            
0.38388538  64.768954            
0.38486219  64            
0.385839  63.885064            
0.3868158  63.79127            
0.38779261  65.615179            
0.38876942  67.916471            
0.38974623  65.709731            
0.39072303  64.519006            
0.39169984  63.634439            
0.39267665  63.8902            
0.39365346  65.824411            
0.39463026  64.898327            
0.39560707  63.692024            
0.39658388  63.37838            
0.39756069  63.287236            
0.39853749  64.248191            
0.3995143  64.01313            
0.40049111  63.129684            
0.40146792  62.921672            
0.40244472  63.379328            
0.40342153  63.47213            
0.40439834  64.703322            
0.40537515  63.627145            
0.40635195  63.545499            
0.40732876  64.860079            
0.40830557  65.650397            
0.40928238  64.444655            
0.41025918  64.135656            
0.41123599  63.810897            
0.4122128  63.761676            
0.41318961  63.059212            
0.41416641  63.127914            
0.41514322  63.104053            
0.41612003  64.068262            
0.41709684  63.737694            
0.41807365  63.841917            
0.41905045  62.224734            
0.42002726  63.926995            
0.42100407  64.503618            
0.42198088  64.021951            
0.42295768  62.563453            
0.42393449  62.630268            
0.4249113  62.188231            
0.42588811  62.180066            
0.42686491  62.746325            
0.42784172  63.056048            
0.42881853  64.005481            
0.42979534  63.879458            
0.43077214  63.198434            
0.43174895  62.55193            
0.43272576  63.009194            
0.43370257  61.802512            
0.43467937  62.87474            
0.43565618  63.193014            
0.43663299  63            
0.4376098  62.753379            
0.4385866  62.423906            
0.43956341  63.506458            
0.44054022  62.62812            
0.44151703  62.494044            
0.44249383  62.879926            
0.44347064  61.935238            
0.44444745  62.867183            
0.44542426  63.630608            
0.44640107  62.37917            
0.44737787  61.875426            
0.44835468  61.930147            
0.44933149  63.125158            
0.4503083  62.751809            
0.4512851  63.000171            
0.45226191  63.376191            
0.45323872  63.051115            
0.45421553  64.687208            
0.45519233  62.060715            
0.45616914  61.933664            
0.45714595  62.936308            
0.45812276  62.062077            
0.45909956  62.436421            
0.46007637  62.937798            
0.46105318  62.751809            
0.46202999  62.500686            
0.46300679  61.876586            
0.4639836  62.437365            
0.46496041  62.558762            
0.46593722  61.185615            
0.46691402  61.062638            
0.46789083  61.628048            
0.46886764  63.130214            
0.46984445  63.425974            
0.47082125  61.443876            
0.47179806  62.624075            
0.47277487  61.740424            
0.47375168  60.75646            
0.47472849  62.248191            
0.47570529  62.502827            
0.4766821  63.121669            
0.47765891  62.625163            
0.47863572  62.063423            
0.47961252  61.567066            
0.48058933  62.328953            
0.48156614  63.685668            
0.48254295  62.880933            
0.48351975  62.869532            
0.48449656  61.879327            
0.48547337  62.056727            
0.48645018  61.567502            
0.48742698  61.687863            
0.48840379  61.243853            
0.4893806  60.688594            
0.49035741  61.567228            
0.49133421  61.986314            
0.49231102  60.437487            
0.49328783  60.248191            
0.49426464  60.248191            
0.49524144  60.312635            
0.49621825  60.171969            
0.49719506  59.5748            
0.49817187  60.112063            
0.49914867  59.26066            
0.50012548  59.739089            
0.50110229  58.607313            
0.5020791  57.692914            
0.5030559  58.838354            
0.50403271  59.520965            
0.50500952  56.816876            
0.50598633  57.132158            
0.50696314  57.371334            
0.50793994  56.606574            
0.50891675  55.305765            
0.50989356  54.751809            
0.51087037  54.751809            
0.51184717  54.025546            
0.51282398  52.329738            
0.51380079  53.182563            
0.5147776  52.337355            
0.5157544  50.496382            
0.51673121  50.233124            
0.51770802  49.369944            
0.51868483  49.331618            
0.51966163  50.648048            
0.52063844  51.285511            
0.52161525  49.665514            
0.52259206  49.346057            
0.52356886  50.933749            
0.52454567  51.151619            
0.52552248  52.849437            
0.52649929  56.708186            
0.52747609  63.494419            
0.5284529  66.104616            
0.52942971  71.099096            
0.53040652  81.713892            
0.53138332  90.903393            
0.53236013  103.17384            
0.53333694  97.378274            
0.53431375  93.651528            
0.53529056  89.056168            
0.53626736  86.233422            
0.53724417  85.029846            
0.53822098  82.736201            
0.53919779  80.069208            
0.54017459  79.778374            
0.5411514  77.751365            
0.54212821  75.410707            
0.54310502  74.226397            
0.54408182  73.638735            
0.54505863  73.115014            
0.54603544  70.614469            
0.54701225  69.770023            
0.54798905  68.633974            
0.54896586  69.13574            
0.54994267  69.360517            
0.55091948  69.137972            
0.55189628  68.678999            
0.55287309  66.772831            
0.5538499  67.778332            
0.55482671  68.296897            
0.55580351  67.474602            
0.55678032  66.746566            
0.55775713  66.82024            
0.55873394  66.724032            
0.55971074  66.068555            
0.56068755  66.318809            
0.56166436  66.226897            
0.56264117  65.153895            
0.56361798  64.520184            
0.56459478  65.10845            
0.56557159  64.815512            
0.5665484  65.277976            
0.56752521  65.372479            
0.56850201  64.094182            
0.56947882  65.347907            
0.57045563  65.899971            
0.57143244  65.279231            
0.57240924  65.441036            
0.57338605  64.210306            
0.57436286  64.751809            
0.57533967  64.680229            
0.57631647  65.059383            
0.57729328  66.081497            
0.57827009  65.422498            
0.5792469  66.150543            
0.5802237  65.461854            
0.58120051  65.653531            
0.58217732  64.751809            
0.58315413  65.246244            
0.58413093  66.148968            
0.58510774  65.460761            
0.58608455  65.574483            
0.58706136  64.63903            
0.58803816  65.140723            
0.58901497  65.498435            
0.58999178  65.503618            
0.59096859  65.644715            
0.59194539  66.213891            
0.5929222  66.32365            
0.59389901  65.033923            
0.59487582  64.710839            
0.59585263  65.533696            
0.59682943  66.321181            
0.59780624  66.288595            
0.59878305  65.536598            
0.59975986  65.2154            
0.60073666  65.680638            
0.60171347  66.006406            
0.60269028  66.894791            
0.60366709  65.712487            
0.60464389  65            
0.6056207  64.350404            
0.60659751  63.537825            
0.60757432  65.353168            
0.60855112  65.145429            
0.60952793  65.358063            
0.61050474  64.782525            
0.61148155  64.827232            
0.61245835  66.322206            
0.61343516  66.285576            
0.61441197  65.679766            
0.61538878  65.647829            
0.61636558  66.218608            
0.61734239  66.460783            
0.6183192  65.751809            
0.61929601  65.679454            
0.62027281  65.867814            
0.62124962  66.093156            
0.62222643  64.645695            
0.62320324  64.712587            
0.62418005  64.217998            
0.62515685  65.039727            
0.62613366  65.383611            
0.62711047  65.010601            
0.62808728  66.323232            
0.62906408  66.134475            
0.63004089  65.321231            
0.6310177  65.939257            
0.63199451  66.55888            
0.63297131  65.871886            
0.63394812  66.529805            
0.63492493  66.444385            
0.63590174  67.725999            
0.63687854  67.883763            
0.63785535  66.926462            
0.63883216  67.119811            
0.63980897  68.441183            
0.64078577  69.874392            
0.64176258  70.528296            
0.64273939  70.595103            
0.6437162  72.147824            
0.644693  72.572513            
0.64566981  73.050113            
0.64664662  74.723734            
0.64762343  77.380203            
0.64860023  78.17904            
0.64957704  79.273684            
0.65055385  82.854545            
0.65153066  84.329837            
0.65250747  85.252685            
0.65348427  87.751866            
0.65446108  90.027972            
0.65543789  92.600765            
0.6564147  97.175176            
0.6573915  101.55426            
0.65836831  106.49243            
0.65934512  113.90928            
0.66032193  120.16836            
0.66129873  129.30242            
0.66227554  149.07573            
0.66325235  180.36842            
0.66422916  174.29702            
0.66520596  130.28758            
0.66618277  114.65663            
0.66715958  103.50413            
0.66813639  90.053669            
0.66911319  85.992091            
0.67009  82.347955            
0.67106681  78.070626            
0.67204362  76.112629            
0.67302042  70.407978            
0.67399723  68.114957            
0.67497404  66.71243            
0.67595085  66.10855            
0.67692765  67.192264            
0.67790446  66.427526            
0.67888127  65.334916            
0.67985808  63.869603            
0.68083488  64.485968            
0.68181169  63.13574            
0.6827885  64            
0.68376531  64.231626            
0.68474212  64.828337            
0.68571892  64.382812            
0.68669573  63.541037            
0.68767254  65.448952            
0.68864935  66.463081            
0.68962615  65.171352            
0.69060296  64.843955            
0.69157977  64.962653            
0.69255658  66.543675            
0.69353338  67.518296            
0.69451019  67.546803            
0.695487  68.834007            
0.69646381  68.377291            
0.69744061  67.15693            
0.69841742  66.957305            
0.69939423  66.298561            
0.70037104  67.423833            
0.70134784  67.093017            
0.70232465  66.98702            
0.70330146  67.739018            
0.70427827  68.019838            
0.70525507  67.190005            
0.70623188  66.581516            
0.70720869  66.515654            
0.7081855  65.605336            
0.7091623  65.061467            
0.71013911  66.22525            
0.71111592  66.622909            
0.71209273  65.644115            
0.71306954  66.344666            
0.71404634  66.315872            
0.71502315  66.764624            
0.71599996  66.412469            
0.71697677  66.513768            
0.71795357  65.683124            
0.71893038  64.682873            
0.71990719  64.396148            
0.720884  64.849432            
0.7218608  64.473034            
0.72283761  64.946314            
0.72381442  64.704649            
0.72479123  66.58641            
0.72576803  66.48793            
0.72674484  66.920794            
0.72772165  67.073505            
0.72869846  66.71618            
0.72967526  64.897977            
0.73065207  66.071947            
0.73162888  66.111031            
0.73260569  65.072449            
0.73358249  65.669845            
0.7345593  65.496382            
0.73553611  65.655916            
0.73651292  66.476394            
0.73748972  66.69048            
0.73846653  64.91281            
0.73944334  64.664557            
0.74042015  64.336225            
0.74139696  64.888556            
0.74237376  66.589065            
0.74335057  65.844525            
0.74432738  65            
0.74530419  65.08039            
0.74628099  65.655142            
0.7472578  66.096352            
0.74823461  65.572847            
0.74921142  65.923285            
0.75018822  65.656402            
0.75116503  66.4205            
0.75214184  66.08654            
0.75311865  65.506787            
0.75409545  65.490422            
0.75507226  66.503618            
0.75604907  66.584693            
0.75702588  66.506032            
0.75800268  66.245966            
0.75897949  66.013346            
0.7599563  64.580077            
0.76093311  65.326259            
0.76190991  66.256898            
0.76288672  66.408649            
0.76386353  67.341565            
0.76484034  66.666889            
0.76581714  66.752525            
0.76679395  65.507583            
0.76777076  64.247852            
0.76874757  64.915578            
0.76972437  65.084297            
0.77070118  64.587791            
0.77167799  64.41957            
0.7726548  65.331534            
0.77363161  66.087845            
0.77460841  65.081276            
0.77558522  65.160976            
0.77656203  65.917617            
0.77753884  65.834254            
0.77851564  65.585057            
0.77949245  64.666832            
0.78046926  65.497603            
0.78144607  66.504053            
0.78242287  64.250523            
0.78339968  64.163497            
0.78437649  65.082881            
0.7853533  65.079886            
0.7863301  65.164442            
0.78730691  66.505674            
0.78828372  66.586725            
0.78926053  65.001387            
0.79023733  65.07768            
0.79121414  64.081557            
0.79219095  64.254517            
0.79316776  65.584391            
0.79414456  65.322343            
0.79512137  64.339355            
0.79609818  66            
0.79707499  65.746487            
0.79805179  64.657035            
0.7990286  63.836531            
0.80000541  64.163216            
0.80098222  64.004917            
0.80195903  64.407085            
0.80293583  64.012126            
0.80391264  65.078078            
0.80488945  64.245737            
0.80586626  64.243411            
0.80684306  64.079563            
0.80781987  63.325009            
0.80879668  62.752159            
0.80977349  63.335155            
0.81075029  63.588181            
0.8117271  63.323748            
0.81270391  62.583539            
0.81368072  62.836559            
0.81465752  63.683442            
0.81563433  64.316056            
0.81661114  63.599509            
0.81758795  63.896863            
0.81856475  62.598152            
0.81954156  62.394264            
0.82051837  60.661871            
0.82149518  60.503618            
0.82247198  60.588928            
0.82344879  61.010416            
0.8244256  60.815156            
0.82540241  59.762602            
0.82637921  59.047615            
0.82735602  56.663691            
0.82833283  56.929799            
0.82930964  57.577816            
0.83028645  56.902454            
0.83126325  55.990578            
0.83224006  55.068941            
0.83321687  54.0762            
0.83419368  53.577184            
0.83517048  53.248191            
0.83614729  52.726071            
0.8371241  51.747088            
0.83810091  52.36099            
0.83907771  53.241992            
0.84005452  51.879934            
0.84103133  50.596688            
0.84200814  51.075079            
0.84298494  51.449807            
0.84396175  53.101059            
0.84493856  54.889584            
0.84591537  57.617404            
0.84689217  59.538682            
0.84786898  63.541242            
0.84884579  70.972474            
0.8498226  77.935124            
0.8507994  90.983341            
0.85177621  111.49273            
0.85275302  113.48491            
0.85372983  104.27323            
0.85470663  98.192159            
0.85568344  95.014001            
0.85666025  91.689586            
0.85763706  88.340755            
0.85861386  85.308625            
0.85959067  83.261231            
0.86056748  80.734223            
0.86154429  79.274691            
0.8625211  76.966635            
0.8634979  76.178416            
0.86447471  78.014818            
0.86545152  78.72057            
0.86642833  74.644978            
0.86740513  73.909254            
0.86838194  74.011859            
0.86935875  74.854732            
0.87033556  76.041521            
0.87131236  75.051081            
0.87228917  71.056023            
0.87326598  70.607552            
0.87424279  71.523845            
0.87521959  72.09591            
0.8761964  71.629099            
0.87717321  70.592416            
0.87815002  70.393775            
0.87912682  70.199017            
0.88010363  70.641464            
0.88108044  69.641213            
0.88205725  68.82178            
0.88303405  68.59279            
0.88401086  68.392269            
0.88498767  67.751809            
0.88596448  67.570486            
0.88694128  67.611091            
0.88791809  67.710698            
0.8888949  67.28707            
0.88987171  67.436492            
0.89084852  66.543252            
0.89182532  67.954898            
0.89280213  68.662014            
0.89377894  68.593475            
0.89475575  68.027209            
0.89573255  67.11436            
0.89670936  67.931897            
0.89768617  67.704925            
0.89866298  66.932147            
0.89963978  66.611312            
0.90061659  66.773652            
0.9015934  68.276488            
0.90257021  67            
0.90354701  67.274079            
0.90452382  67.932894            
0.90550063  67.701921            
0.90647744  66.658499            
0.90745424  66.312278            
0.90843105  66.636247            
0.90940786  67.751809            
0.91038467  67.47641            
0.91136147  67            
0.91233828  67.091041            
0.91331509  67.157088            
0.9142919  66.723846            
0.9152687  66.615761            
0.91624551  66.97166            
0.91722232  67.23519            
0.91819913  68.318124            
0.91917594  68.462718            
0.92015274  68.700855            
0.92112955  67.474334            
0.92210636  67.277663            
0.92308317  66.918252            
0.92405997  66.422293            
0.92503678  68.37008            
0.92601359  68.724261            
0.9269904  68.068795            
0.9279672  67.843846            
0.92894401  67.349932            
0.92992082  66.619526            
0.93089763  67.527553            
0.93187443  68.27955            
0.93285124  68.65946            
0.93382805  67.291496            
0.93480486  66.181013            
0.93578166  67.56404            
0.93675847  67.623982            
0.93773528  67.879383            
0.93871209  67.343617            
0.93968889  67.689188            
0.9406657  67.907153            
