0  68.337378            
0.00097631863  67.314753            
0.0019526373  67.652632            
0.0029289559  67.098989            
0.0039052745  67.586823            
0.0048815932  66.398718            
0.0058579118  65.981153            
0.0068342304  67.700094            
0.0078105491  68.745454            
0.0087868677  66.902138            
0.0097631863  66.44354            
0.010739505  67.427165            
0.011715824  65.409732            
0.012692142  66.561435            
0.013668461  66.871079            
0.014644779  65.903264            
0.015621098  65.248191            
0.016597417  65.248191            
0.017573735  65.440537            
0.018550054  66.624137            
0.019526373  65.687637            
0.020502691  65.503457            
0.02147901  67.001581            
0.022455329  65.413539            
0.023431647  66.377194            
0.024407966  65.503618            
0.025384284  65.471454            
0.026360603  65.248191            
0.027336922  65.122766            
0.02831324  64.248191            
0.029289559  64.467036            
0.030265878  65.844381            
0.031242196  64.533839            
0.032218515  63.341709            
0.033194833  65.317619            
0.034171152  62.464849            
0.035147471  64.184694            
0.036123789  65.312062            
0.037100108  63.784655            
0.038076427  62.401316            
0.039052745  63.527653            
0.040029064  63.843664            
0.041005383  64.320284            
0.041981701  63            
0.04295802  63.061154            
0.043934338  63.62392            
0.044910657  64.466368            
0.045886976  64.279016            
0.046863294  64.413077            
0.047839613  63.781637            
0.048815932  64.090165            
0.04979225  64.631262            
0.050768569  63.625142            
0.051744887  62.775015            
0.052721206  63.14845            
0.053697525  64.159824            
0.054673843  63.502761            
0.055650162  63.525714            
0.056626481  63.803966            
0.057602799  64.307458            
0.058579118  64.575234            
0.059555437  63.395307            
0.060531755  64.503618            
0.061508074  64.357129            
0.062484392  63.160654            
0.063460711  62.788105            
0.06443703  64.977623            
0.065413348  64.606574            
0.066389667  63.554518            
0.067365986  63.913402            
0.068342304  63.449538            
0.069318623  64.684404            
0.070294941  62.219789            
0.07127126  62.256715            
0.072247579  64.191635            
0.073223897  63.638121            
0.074200216  62.893401            
0.075176535  63.971908            
0.076152853  63.751809            
0.077129172  63.779777            
0.078105491  63.887561            
0.079081809  62.915655            
0.080058128  62.360131            
0.081034446  63.220471            
0.082010765  63            
0.082987084  63.111191            
0.083963402  64.250219            
0.084939721  65.950826            
0.08591604  63.364967            
0.086892358  62.358383            
0.087868677  63.330846            
0.088844996  63.835065            
0.089821314  62.551499            
0.090797633  62.945799            
0.091773951  62.611773            
0.09275027  63.524145            
0.093726589  63.697195            
0.094702907  63.193703            
0.095679226  62.826508            
0.096655545  63.665549            
0.097631863  64.818236            
0.098608182  63.087786            
0.0995845  61.965699            
0.10056082  63.938719            
0.10153714  65.237118            
0.10251346  63.159678            
0.10348977  64.609564            
0.10446609  65.238994            
0.10544241  62.973066            
0.10641873  62.613267            
0.10739505  61.864078            
0.10837137  64.974015            
0.10934769  64.437709            
0.11032401  61.953724            
0.11130032  63.647108            
0.11227664  62.979209            
0.11325296  64.644041            
0.11422928  61.548355            
0.1152056  62.128501            
0.11618192  63.222702            
0.11715824  62.871381            
0.11813455  61.975079            
0.11911087  64.076648            
0.12008719  64.497188            
0.12106351  62.400735            
0.12203983  63.776926            
0.12301615  63.899048            
0.12399247  63            
0.12496878  62.874616            
0.1259451  61.951489            
0.12692142  63.645343            
0.12789774  62.8013            
0.12887406  63.248191            
0.12985038  63.074405            
0.1308267  61.793961            
0.13180302  64.330707            
0.13277933  62.67779            
0.13375565  62.146952            
0.13473197  63.398427            
0.13570829  62.398676            
0.13668461  61.667106            
0.13766093  63.321271            
0.13863725  63.854215            
0.13961356  62.593789            
0.14058988  63.47898            
0.1415662  63.296643            
0.14254252  63.679667            
0.14351884  62.904292            
0.14449516  62.143532            
0.14547148  63.432039            
0.14644779  62.680418            
0.14742411  62.189418            
0.14840043  63.905541            
0.14937675  63.023382            
0.15035307  63.271511            
0.15132939  63.566834            
0.15230571  64.131535            
0.15328203  63            
0.15425834  63            
0.15523466  63.02301            
0.15621098  63.225243            
0.1571873  63.045772            
0.15816362  63.450734            
0.15913994  62.747625            
0.16011626  60.614703            
0.16109257  64.186192            
0.16206889  63.45123            
0.16304521  62.954315            
0.16402153  62.428371            
0.16499785  61.83544            
0.16597417  62.638865            
0.16695049  61.541564            
0.1679268  62.17893            
0.16890312  63.910785            
0.16987944  62.888954            
0.17085576  61.751809            
0.17183208  61.751809            
0.1728084  61.707382            
0.17378472  61.291856            
0.17476104  61.832925            
0.17573735  62.729468            
0.17671367  62.453089            
0.17768999  62.086968            
0.17866631  62.978477            
0.17964263  62.838903            
0.18061895  63.65018            
0.18159527  62.43175            
0.18257158  61.723298            
0.1835479  61.603682            
0.18452422  62.580753            
0.18550054  61.000097            
0.18647686  63.602783            
0.18745318  61.950835            
0.1884295  61.475479            
0.18940581  61.458422            
0.19038213  63.709645            
0.19135845  63.101965            
0.19233477  61.517639            
0.19331109  61.917753            
0.19428741  63.565235            
0.19526373  61.641455            
0.19624005  63.193611            
0.19721636  62.523963            
0.19819268  62.669494            
0.199169  61.765384            
0.20014532  62.020159            
0.20112164  62.167217            
0.20209796  61.450294            
0.20307428  63.71128            
0.20405059  63.248772            
0.20502691  63.21515            
0.20600323  62.731445            
0.20697955  62.476657            
0.20795587  62.367317            
0.20893219  63.692434            
0.20990851  63            
0.21088482  62.979955            
0.21186114  62.666912            
0.21283746  61.771162            
0.21381378  62.214455            
0.2147901  64.681006            
0.21576642  63.693748            
0.21674274  63.076979            
0.21771905  63.980957            
0.21869537  63.636813            
0.21967169  62.210352            
0.22064801  61.751259            
0.22162433  61.85899            
0.22260065  63.217414            
0.22357697  62.770481            
0.22455329  63.056371            
0.2255296  63.602346            
0.22650592  61.751809            
0.22748224  61.918696            
0.22845856  63.907656            
0.22943488  62.862674            
0.2304112  64.034447            
0.23138752  61.34013            
0.23236383  62.539845            
0.23334015  63.054682            
0.23431647  63.624831            
0.23529279  62.072234            
0.23626911  63.017866            
0.23724543  63.176456            
0.23822175  62.284192            
0.23919806  62.840724            
0.24017438  64.017618            
0.2411507  64.10672            
0.24212702  62.353665            
0.24310334  63.727141            
0.24407966  63.514259            
0.24505598  63.682072            
0.2460323  62.751809            
0.24700861  62.682572            
0.24798493  61.803675            
0.24896125  62.589416            
0.24993757  63.580341            
0.25091389  61.333859            
0.25189021  62.401389            
0.25286653  60.949073            
0.25384284  60.349669            
0.25481916  61.801874            
0.25579548  62.479756            
0.2567718  62.298367            
0.25774812  62.950012            
0.25872444  62.198391            
0.25970076  61.628842            
0.26067707  63.470509            
0.26165339  62.983746            
0.26262971  62.718952            
0.26360603  62.362045            
0.26458235  63.902652            
0.26555867  62.512855            
0.26653499  62.735864            
0.26751131  62.583494            
0.26848762  63.719707            
0.26946394  63.200915            
0.27044026  62.408523            
0.27141658  61.04736            
0.2723929  61.657465            
0.27336922  60.310686            
0.27434554  61.341784            
0.27532185  62.751809            
0.27629817  62.736484            
0.27727449  62.472647            
0.27825081  62.015201            
0.27922713  62.294049            
0.28020345  62.847913            
0.28117977  60.617814            
0.28215608  62.473276            
0.2831324  61.984675            
0.28410872  61.849672            
0.28508504  63.443689            
0.28606136  62.555631            
0.28703768  63.452453            
0.288014  62.780971            
0.28899032  63.204211            
0.28996663  62.511261            
0.29094295  62.809809            
0.29191927  63.809559            
0.29289559  64.651079            
0.29387191  62.985791            
0.29484823  62.780103            
0.29582455  63.234106            
0.29680086  62.985977            
0.29777718  62.7941            
0.2987535  63.433311            
0.29972982  62.290106            
0.30070614  63.014177            
0.30168246  63.186061            
0.30265878  62.082704            
0.30363509  63.544782            
0.30461141  64.268954            
0.30558773  64.449364            
0.30656405  63.409013            
0.30754037  61.845588            
0.30851669  63.469823            
0.30949301  62.946745            
0.31046932  62.053006            
0.31144564  62.947244            
0.31242196  62.118044            
0.31339828  64.313417            
0.3143746  65.470943            
0.31535092  65.058618            
0.31632724  65.974433            
0.31730356  65.631576            
0.31827987  68.038348            
0.31925619  68.738844            
0.32023251  68.54689            
0.32120883  69.534167            
0.32218515  70.373394            
0.32316147  72.863677            
0.32413779  75.148887            
0.3251141  77.945394            
0.32609042  76.776137            
0.32706674  77.358166            
0.32804306  79.746171            
0.32901938  84.588162            
0.3299957  86.266995            
0.33097202  86.807004            
0.33194833  93.154327            
0.33292465  96.449311            
0.33390097  100.75035            
0.33487729  105.95047            
0.33585361  110.31405            
0.33682993  117.2374            
0.33780625  128.19163            
0.33878257  149.45708            
0.33975888  184.51283            
0.3407352  172.1594            
0.34171152  132.30825            
0.34268784  106.66205            
0.34366416  93.832988            
0.34464048  90.138008            
0.3456168  87.46186            
0.34659311  80.678834            
0.34756943  73.274922            
0.34854575  68.280719            
0.34952207  68.784917            
0.35049839  64.021229            
0.35147471  64.475277            
0.35245103  64.042268            
0.35342734  64.957982            
0.35440366  63.832625            
0.35537998  60.055492            
0.3563563  61.524103            
0.35733262  61.948801            
0.35830894  60.761928            
0.35928526  61.060926            
0.36026158  62.493623            
0.36123789  62.30538            
0.36221421  63.513489            
0.36319053  63.731906            
0.36416685  63.248191            
0.36514317  63.267843            
0.36611949  63.751809            
0.36709581  63.77093            
0.36807212  64.238692            
0.36904844  64.047734            
0.37002476  65.226756            
0.37100108  64.478028            
0.3719774  64.016217            
0.37295372  64.276026            
0.37393004  64.889679            
0.37490635  62.009065            
0.37588267  62.330005            
0.37685899  64.503618            
0.37783531  64.548272            
0.37881163  65.689576            
0.37978795  64.017765            
0.38076427  64.512311            
0.38174059  64.725916            
0.3827169  63.989598            
0.38369322  63.582197            
0.38466954  66.008445            
0.38564586  66.155488            
0.38662218  63.52026            
0.3875985  64.025018            
0.38857482  64.710345            
0.38955113  63.553803            
0.39052745  65.175061            
0.39150377  63.04029            
0.39248009  64.248191            
0.39345641  64.232416            
0.39443273  63.73593            
0.39540905  63.248191            
0.39638536  63.256117            
0.39736168  63.503395            
0.398338  63.534711            
0.39931432  64.75159            
0.40029064  64.714542            
0.40126696  63.759572            
0.40224328  64.21133            
0.40321959  63.029282            
0.40419591  64.021827            
0.40517223  64.6871            
0.40614855  62.524863            
0.40712487  63.269455            
0.40810119  64.00716            
0.40907751  64.206755            
0.41005383  62.517086            
0.41103014  62.98619            
0.41200646  62.744904            
0.41298278  62.496382            
0.4139591  62.522917            
0.41493542  63.502906            
0.41591174  63.744761            
0.41688806  63.700237            
0.41786437  61.783683            
0.41884069  62.987448            
0.41981701  62.472186            
0.42079333  61.248191            
0.42176965  61.266638            
0.42274597  62.036344            
0.42372229  63.496556            
0.4246986  63.473754            
0.42567492  62.277742            
0.42665124  63.45704            
0.42762756  61.532208            
0.42860388  62.710472            
0.4295802  61.287676            
0.43055652  62.994468            
0.43153284  62.790419            
0.43250915  64.487236            
0.43348547  63.724766            
0.43446179  62.528241            
0.43543811  63.966501            
0.43641443  62.713461            
0.43739075  61.278929            
0.43836707  62.780268            
0.43934338  64.483576            
0.4403197  63.473857            
0.44129602  62.009701            
0.44227234  62.496382            
0.44324866  62.463022            
0.44422498  60.791625            
0.4452013  63.229647            
0.44617761  62.248191            
0.44715393  62.261757            
0.44813025  63.013378            
0.44910657  63.764873            
0.45008289  64.440203            
0.45105921  61.265237            
0.45203553  62.260818            
0.45301185  63.004107            
0.45398816  63.235939            
0.45496448  62.508446            
0.4559408  63.212676            
0.45691712  61.050613            
0.45789344  64.236222            
0.45886976  62.981217            
0.45984608  61.77028            
0.46082239  62.956354            
0.46179871  60.017848            
0.46277503  61.279878            
0.46375135  63.465545            
0.46472767  60.778496            
0.46570399  63.248191            
0.46668031  63.248191            
0.46765662  63.245014            
0.46863294  62.984334            
0.46960926  61.773269            
0.47058558  63.496469            
0.4715619  63.509561            
0.47253822  63.96963            
0.47351454  60.748922            
0.47449086  60.513001            
0.47546717  61.981154            
0.47644349  60.287009            
0.47741981  63.232773            
0.47839613  61.774484            
0.47937245  63.992495            
0.48034877  62.496435            
0.48132509  61.756495            
0.4823014  62.248554            
0.48327772  61.492011            
0.48425404  61            
0.48523036  61.008305            
0.48620668  62.008056            
0.487183  62.990257            
0.48815932  61.753684            
0.48913563  62.001813            
0.49011195  62.239383            
0.49108827  60.989765            
0.49206459  59.512799            
0.49304091  61.987385            
0.49401723  60.003051            
0.49499355  60.487635            
0.49596987  57.754568            
0.49694618  58.257491            
0.4979225  59.986078            
0.49889882  57.261426            
0.49987514  59.993144            
0.50085146  58.496413            
0.50182778  58.501573            
0.5028041  57.995244            
0.50378041  56.749132            
0.50475673  55.998332            
0.50573305  55.493343            
0.50670937  54.50292            
0.50768569  54.253482            
0.50866201  53.493496            
0.50963833  52.249215            
0.51061464  52.742324            
0.51159096  51.501656            
0.51256728  50.248852            
0.5135436  50.750745            
0.51451992  49.753027            
0.51549624  51.248331            
0.51647256  51.496538            
0.51744887  51.992781            
0.51842519  52.248144            
0.51940151  53.503072            
0.52037783  54.502933            
0.52135415  57.004897            
0.52233047  57.750927            
0.52330679  62.496806            
0.52428311  72.734558            
0.52525942  76.991788            
0.52623574  86.220784            
0.52721206  97.694935            
0.52818838  113.93469            
0.5291647  119.98956            
0.53014102  107.04138            
0.53111734  101.76261            
0.53209365  95.024828            
0.53306997  93.5095            
0.53404629  88.517315            
0.53502261  87.508016            
0.53599893  84.764687            
0.53697525  81.018495            
0.53795157  81.246906            
0.53892788  76.776221            
0.5399042  75.25673            
0.54088052  74.747559            
0.54185684  74.505107            
0.54283316  73.009665            
0.54380948  72.253211            
0.5447858  71.50159            
0.54576212  69.264327            
0.54673843  69.248191            
0.54771475  69.747943            
0.54869107  69.005959            
0.54966739  67.762014            
0.55064371  67.252434            
0.55162003  67.501402            
0.55259635  66.512543            
0.55357266  67.99344            
0.55454898  65.773066            
0.5555253  64.262738            
0.55650162  64.002463            
0.55747794  64.74416            
0.55845426  64.000676            
0.55943058  66.224118            
0.56040689  63.779077            
0.56138321  65.484045            
0.56235953  65.005753            
0.56333585  64.256966            
0.56431217  64.991037            
0.56528849  65.497488            
0.56626481  64.018677            
0.56724113  63.754954            
0.56821744  63.254698            
0.56919376  64.732006            
0.57017008  63.51323            
0.5711464  64.245051            
0.57212272  64.744899            
0.57309904  64.751809            
0.57407536  63.766228            
0.57505167  64.48546            
0.57602799  64.007405            
0.57700431  64.740405            
0.57798063  64.26308            
0.57895695  64.988334            
0.57993327  64.504398            
0.58090959  62.040359            
0.5818859  63.967166            
0.58286222  64            
0.58383854  64.487985            
0.58481486  65.235285            
0.58579118  64.265607            
0.5867675  63.02205            
0.58774382  64.720425            
0.58872014  64.508126            
0.58969645  64.740136            
0.59067277  65.245892            
0.59164909  64.023745            
0.59262541  64            
0.59360173  64.980586            
0.59457805  64.019663            
0.59555437  63.749659            
0.59653068  63.99485            
0.597507  64            
0.59848332  65.47255            
0.59945964  64.274444            
0.60043596  64.255274            
0.60141228  65.962646            
0.6023886  63.793428            
0.60336491  64.479909            
0.60434123  65.716913            
0.60531755  64.774057            
0.60629387  64.017036            
0.60727019  63.757495            
0.60824651  63.744741            
0.60922283  63.509258            
0.61019914  64.722278            
0.61117546  64.994066            
0.61215178  64.757805            
0.6131281  64.260483            
0.61410442  65.230591            
0.61508074  63.298186            
0.61605706  63.981087            
0.61703338  63.509177            
0.61800969  64.228902            
0.61898601  62.783526            
0.61996233  63.725464            
0.62093865  63.019852            
0.62191497  63.241575            
0.62289129  64.221286            
0.62386761  66.200921            
0.62484392  65.034404            
0.62582024  65.972346            
0.62679656  64.779605            
0.62777288  63.772727            
0.6287492  64.964341            
0.62972552  64.75892            
0.63070184  65.233844            
0.63167815  66.94893            
0.63265447  66.270296            
0.63363079  66.007359            
0.63460711  68.428755            
0.63558343  68.015185            
0.63655975  68.728953            
0.63753607  68.263627            
0.63851239  70.18639            
0.6394887  70.736121            
0.64046502  72.448611            
0.64144134  73.471968            
0.64241766  73.984166            
0.64339398  75.455278            
0.6443703  78.166271            
0.64534662  79.462866            
0.64632293  81.677847            
0.64729925  81.991773            
0.64827557  84.659904            
0.64925189  87.890706            
0.65022821  89.932205            
0.65120453  92.897559            
0.65218085  93.718962            
0.65315716  97.126803            
0.65413348  103.03881            
0.6551098  106.62867            
0.65608612  113.01825            
0.65706244  120.96303            
0.65803876  133.54925            
0.65901508  154.49439            
0.6599914  188.97491            
0.66096771  169.02648            
0.66194403  125.37845            
0.66292035  115.0786            
0.66389667  100.30547            
0.66487299  87.479746            
0.66584931  81.227357            
0.66682563  78.353152            
0.66780194  75.124706            
0.66877826  72.593127            
0.66975458  67.936334            
0.6707309  66.79095            
0.67170722  65.069006            
0.67268354  63.555987            
0.67365986  65.423548            
0.67463617  63.583899            
0.67561249  61.822565            
0.67658881  62.711169            
0.67756513  60.826648            
0.67854145  59.309751            
0.67951777  61.886105            
0.68049409  62            
0.68147041  63.195906            
0.68244672  63.003527            
0.68342304  62.999693            
0.68439936  62.762391            
0.68537568  63.226903            
0.686352  63.967569            
0.68732832  66.394994            
0.68830464  64.583971            
0.68928095  65.934012            
0.69025727  65.762763            
0.69123359  65.03337            
0.69220991  66.19939            
0.69318623  65.774414            
0.69416255  66.232696            
0.69513887  66.011592            
0.69611518  67.678772            
0.6970915  66.561222            
0.69806782  65.786493            
0.69904414  65.271551            
0.70002046  65.248191            
0.70099678  66.44476            
0.7019731  65.787244            
0.70294941  66.467996            
0.70392573  64.835251            
0.70490205  65.460731            
0.70587837  64.308268            
0.70685469  67.339231            
0.70783101  64.878396            
0.70880733  65.223574            
0.70978365  65.963063            
0.71075996  66.478749            
0.71173628  65.074624            
0.7127126  66.428618            
0.71368892  66.503618            
0.71466524  65.553997            
0.71564156  65.503618            
0.71661788  65.503618            
0.71759419  64.070011            
0.71857051  64.235068            
0.71954683  64.248191            
0.72052315  65.43849            
0.72149947  66.209379            
0.72247579  66.012999            
0.72345211  65.522886            
0.72442842  66.685427            
0.72540474  64.858061            
0.72638106  67.833476            
0.72735738  66.58425            
0.7283337  65.315827            
0.72931002  64.537074            
0.73028634  65.442008            
0.73126266  64.081739            
0.73223897  63.758589            
0.73321529  63.744573            
0.73419161  64.220304            
0.73516793  63.5382            
0.73614425  62.79341            
0.73712057  62.986071            
0.73809689  65.596683            
0.7390732  65.979121            
0.74004952  66.708641            
0.74102584  65.80893            
0.74200216  65.751809            
0.74297848  65.517919            
0.7439548  66.913404            
0.74493112  63.466247            
0.74590743  65.605673            
0.74688375  65.751809            
0.74786007  66.218969            
0.74883639  65.781155            
0.74981271  64.570915            
0.75078903  65.676962            
0.75176535  65.985141            
0.75274167  64.120236            
0.75371798  64.706424            
0.7546943  64.045573            
0.75567062  64.466169            
0.75664694  64.96922            
0.75762326  63.821614            
0.75859958  64.689747            
0.7595759  66.162404            
0.76055221  66.720976            
0.76152853  67.922156            
0.76250485  65.420496            
0.76348117  65.487561            
0.76445749  64.0949            
0.76543381  64.232465            
0.76641013  64.952174            
0.76738644  64.296204            
0.76836276  66.119964            
0.76933908  66.015974            
0.7703154  66            
0.77129172  64.83277            
0.77226804  65.918727            
0.77324436  65.768031            
0.77422068  65.513141            
0.77519699  66.669124            
0.77617331  63.943386            
0.77714963  66.313769            
0.77812595  65.801406            
0.77910227  65.751809            
0.78007859  67.624339            
0.78105491  63.55879            
0.78203122  63.94966            
0.78300754  63.761906            
0.78398386  63.513286            
0.78496018  64.897214            
0.7859365  63.599543            
0.78691282  64.434261            
0.78788914  64.965696            
0.78886545  66.168353            
0.78984177  66.01778            
0.79081809  65.769147            
0.79179441  64.584396            
0.79277073  64.265653            
0.79374705  64.478858            
0.79472337  64.035172            
0.79569968  63.769457            
0.796676  63.745089            
0.79765232  63.514154            
0.79862864  64.6616            
0.79960496  64.284504            
0.80058128  64.011245            
0.8015576  62.841907            
0.80253392  61.594553            
0.80351023  63.580751            
0.80448655  64.677925            
0.80546287  65.678206            
0.80643919  66.448095            
0.80741551  65.57772            
0.80839183  64.57797            
0.80936815  64.503618            
0.81034446  63.112548            
0.81132078  63.695347            
0.8122971  63.05665            
0.81327342  63.229428            
0.81424974  63.477557            
0.81522606  63.732371            
0.81620238  63.057401            
0.81717869  62.77082            
0.81815501  62.286894            
0.81913133  61.79008            
0.82010765  62.209796            
0.82108397  60.63232            
0.82206029  59.809773            
0.82303661  59.751809            
0.82401293  59.751809            
0.82498924  59.751809            
0.82596556  57.674216            
0.82694188  57.731606            
0.8279182  56.831156            
0.82889452  55.139438            
0.82987084  55.228374            
0.83084716  55.254847            
0.83182347  55.940177            
0.83279979  53.006945            
0.83377611  52.751224            
0.83475243  54.817684            
0.83572875  55.925303            
0.83670507  56.235176            
0.83768139  52.804037            
0.8386577  52.958656            
0.83963402  55.987365            
0.84061034  57.400526            
0.84158666  60.02746            
0.84256298  62.082607            
0.8435393  62.703204            
0.84451562  69.855025            
0.84549194  82.647689            
0.84646825  92.002223            
0.84744457  104.44198            
0.84842089  137.55741            
0.84939721  137.74612            
0.85037353  122.63014            
0.85134985  110.72629            
0.85232617  102.20234            
0.85330248  100.81572            
0.8542788  94.347819            
0.85525512  90.776827            
0.85623144  87.302746            
0.85720776  86.766754            
0.85818408  84.239019            
0.8591604  80.575865            
0.86013671  81.393658            
0.86111303  84.699488            
0.86208935  84.54798            
0.86306567  79.259904            
0.86404199  72.824322            
0.86501831  71.104291            
0.86599463  72.362431            
0.86697095  73.407047            
0.86794726  73.263838            
0.86892358  73.021646            
0.8698999  73.006584            
0.87087622  72.316759            
0.87185254  73.615605            
0.87282886  71.017732            
0.87380518  70.983312            
0.87478149  70.317517            
0.87575781  67.748401            
0.87673413  67.045584            
0.87771045  67.450674            
0.87868677  67.960068            
0.87966309  68.682875            
0.88063941  68.751809            
0.88161572  67.394712            
0.88259204  67.480454            
0.88356836  68.410037            
0.88454468  67.141085            
0.885521  66.775159            
0.88649732  65.614806            
0.88747364  67.994478            
0.88844996  66.663191            
0.88942627  66.952117            
0.89040259  64.510517            
0.89137891  66.968            
0.89235523  67.024477            
0.89333155  67.224345            
0.89430787  66.120235            
0.89528419  66.224221            
0.8962605  65.793337            
0.89723682  65.520476            
0.89821314  65.950985            
0.89918946  66.67845            
0.90016578  66.303986            
0.9011421  66.703126            
0.90211842  66.073922            
0.90309473  66.447451            
0.90407105  67.627742            
0.90504737  65.719837            
0.90602369  64.595706            
0.90700001  64.726375            
0.90797633  66.098817            
0.90895265  66.924764            
0.90992896  65.64723            
0.91090528  65.273152            
0.9118816  66.823378            
0.91285792  66.553788            
0.91383424  65.375393            
0.91481056  68.39594            
0.91578688  67.178372            
0.9167632  67.897929            
0.91773951  67.102321            
0.91871583  66.770772            
0.91969215  66.751065            
0.92066847  65.180559            
0.92164479  66.570812            
0.92262111  66.529323            
0.92359743  64.93368            
0.92457374  64.974171            
0.92555006  65.2223            
0.92652638  67.045533            
0.9275027  65.680762            
0.92847902  65.947086            
0.92945534  65.105318            
0.93043166  65.22199            
0.93140797  67.036557            
0.93238429  65.010124            
0.93336061  66.760211            
0.93433693  66.550051            
0.93531325  65.603198            
0.93628957  67.960028            
0.93726589  68.926555            
0.93824221  66.544968            
0.93921852  66.469623            
