0  64.567442            
0.00097671829  65.158979            
0.0019534366  63.853304            
0.0029301549  62.822284            
0.0039068731  61.726362            
0.0048835914  61.641442            
0.0058603097  63.189465            
0.006837028  62.747626            
0.0078137463  63.25226            
0.0087904646  63.021629            
0.0097671829  64.788103            
0.010743901  62.304944            
0.011720619  62.296582            
0.012697338  63.66093            
0.013674056  61.906766            
0.014650774  62.862226            
0.015627493  62.10521            
0.016604211  62.188339            
0.017580929  61.642029            
0.018557647  61.653072            
0.019534366  61.865509            
0.020511084  62.555148            
0.021487802  61.749339            
0.022464521  62.154213            
0.023441239  61.203975            
0.024417957  62.346857            
0.025394675  61.994135            
0.026371394  60.400774            
0.027348112  60.792873            
0.02832483  61.835926            
0.029301549  62.829036            
0.030278267  62.241074            
0.031254985  62.04303            
0.032231703  62.035059            
0.033208422  60.739489            
0.03418514  61.197727            
0.035161858  60.509368            
0.036138577  59.608018            
0.037115295  61.152439            
0.038092013  61.847402            
0.039068731  61.054683            
0.04004545  61.205054            
0.041022168  60.511048            
0.041998886  61.259589            
0.042975605  60.649693            
0.043952323  60.141852            
0.044929041  59.621737            
0.045905759  61.06254            
0.046882478  61.043755            
0.047859196  61.030868            
0.048835914  59.598184            
0.049812633  59.523904            
0.050789351  60.409019            
0.051766069  60.240077            
0.052742787  59.900491            
0.053719506  59.501654            
0.054696224  60.383772            
0.055672942  60.782108            
0.056649661  60.366969            
0.057626379  62.146414            
0.058603097  61.044298            
0.059579815  61.440166            
0.060556534  62.328447            
0.061533252  62.166393            
0.06250997  60.100533            
0.063486689  60.75425            
0.064463407  61.346374            
0.065440125  61.082377            
0.066416843  60            
0.067393562  60.044706            
0.06837028  60.340454            
0.069346998  60.597232            
0.070323717  60.459323            
0.071300435  61.518954            
0.072277153  63.967695            
0.073253872  61.979079            
0.07423059  60.301232            
0.075207308  60.056796            
0.076184026  60.403085            
0.077160745  60.48305            
0.078137463  59.698996            
0.079114181  60.147524            
0.0800909  60.561876            
0.081067618  58.801646            
0.082044336  59.699225            
0.083021054  59.897316            
0.083997773  59.197875            
0.084974491  58.403493            
0.085951209  58.962859            
0.086927928  60.481454            
0.087904646  59.538833            
0.088881364  59.218489            
0.089858082  60.242666            
0.090834801  59.608151            
0.091811519  59.316351            
0.092788237  58.923358            
0.093764956  59.676617            
0.094741674  58.369677            
0.095718392  60.400048            
0.09669511  60.779778            
0.097671829  59.758247            
0.098648547  60.462294            
0.099625265  60.779128            
0.10060198  59.642029            
0.1015787  59.817042            
0.10255542  60.657547            
0.10353214  60.462806            
0.10450886  61.092856            
0.10548557  61.463076            
0.10646229  60.879568            
0.10743901  60.654145            
0.10841573  60.774679            
0.10939245  60.89753            
0.11036917  59.894448            
0.11134588  59.569279            
0.1123226  60.37155            
0.11329932  59            
0.11427604  59            
0.11525276  58.893936            
0.11622948  58.298777            
0.11720619  58.106269            
0.11818291  58.701337            
0.11915963  59.059366            
0.12013635  59.298548            
0.12111307  59.213356            
0.12208979  60.236814            
0.1230665  60.106883            
0.12404322  60.535043            
0.12501994  60.154468            
0.12599666  60.818897            
0.12697338  60.116943            
0.1279501  59.248906            
0.12892681  59.228972            
0.12990353  60.1076            
0.13088025  60.318922            
0.13185697  59.207269            
0.13283369  61.473957            
0.13381041  60.534019            
0.13478712  60.047833            
0.13576384  60.296516            
0.13674056  60.345501            
0.13771728  60.236089            
0.138694  60.169029            
0.13967072  60.770246            
0.14064743  59.533302            
0.14162415  59.278337            
0.14260087  60.36343            
0.14357759  59.218068            
0.14455431  60.405759            
0.14553102  60.768946            
0.14650774  59.873299            
0.14748446  60.65907            
0.14846118  59            
0.1494379  59.170784            
0.15041462  60            
0.15139133  59.93875            
0.15236805  59.813292            
0.15334477  60.642029            
0.15432149  60.360287            
0.15529821  59.159047            
0.15627493  59.889963            
0.15725164  59.592757            
0.15822836  59.34444            
0.15920508  60.716948            
0.1601818  59.468746            
0.16115852  60.061821            
0.16213524  60.357971            
0.16311195  59.950001            
0.16408867  58.111185            
0.16506539  58.926653            
0.16604211  59.999172            
0.16701883  58.642029            
0.16799555  58.70425            
0.16897226  59.111697            
0.16994898  59.467895            
0.1709257  58.530127            
0.17190242  58.286457            
0.17287914  59.517016            
0.17385586  59.051214            
0.17483257  59.454167            
0.17580929  58.581057            
0.17678601  58.529513            
0.17776273  58.288029            
0.17873945  59.416587            
0.17971616  58.520712            
0.18069288  59.409984            
0.1816696  59.873959            
0.18264632  59.347135            
0.18362304  59.692128            
0.18459976  59.699416            
0.18557647  58.932154            
0.18655319  60.006743            
0.18752991  59.120233            
0.18850663  60.822835            
0.18948335  59.759198            
0.19046007  58.819513            
0.19143678  59.464385            
0.1924135  58.477368            
0.19339022  57.944457            
0.19436694  59            
0.19534366  59.12764            
0.19632038  59.76663            
0.19729709  59.757465            
0.19827381  58.783224            
0.19925053  59.533531            
0.20022725  60.050869            
0.20120397  60.463297            
0.20218069  60.98948            
0.2031574  59.706306            
0.20413412  60.05105            
0.20511084  60.284058            
0.20608756  60.039573            
0.20706428  58.990592            
0.208041  59.34862            
0.20901771  59.410237            
0.20999443  58.409293            
0.21097115  58.887597            
0.21194787  59.935209            
0.21292459  59.642029            
0.2139013  59.706934            
0.21487802  59.948451            
0.21585474  59.81913            
0.21683146  59.985551            
0.21780818  58.707162            
0.2187849  58.93481            
0.21976161  58.707276            
0.22073833  58.831054            
0.22171505  58.425596            
0.22269177  60.051911            
0.22366849  60.349534            
0.22464521  60.458961            
0.22562192  59.759666            
0.22659864  60.048579            
0.22757536  59            
0.22855208  58.934239            
0.2295288  58.825894            
0.23050552  59.458004            
0.23148223  58.694348            
0.23245895  59.058067            
0.23343567  59.523572            
0.23441239  58.867792            
0.23538911  58.231558            
0.23636583  58.184982            
0.23734254  59            
0.23831926  58.986304            
0.23929598  59.125256            
0.2402727  59.747933            
0.24124942  58.642029            
0.24222614  59.133286            
0.24320285  60.911861            
0.24417957  59.111567            
0.24515629  58.544389            
0.24613301  59.41097            
0.24710973  59.469094            
0.24808644  58.649039            
0.24906316  58.678948            
0.25003988  59.81968            
0.2510166  58.528567            
0.25199332  57.822483            
0.25297004  58.60613            
0.25394675  59.758785            
0.25492347  58.460626            
0.25590019  57.734316            
0.25687691  59.048724            
0.25785363  57.890502            
0.25883035  58.763148            
0.25980706  59.298014            
0.26078378  59.304293            
0.2617605  59.235084            
0.26273722  59.561499            
0.26371394  58.121632            
0.26469066  58.588169            
0.26566737  58.669575            
0.26664409  59.810073            
0.26762081  58.946004            
0.26859753  58.769983            
0.26957425  58.877754            
0.27055097  58.412103            
0.27152768  58.710303            
0.2725044  58.618231            
0.27348112  57.191044            
0.27445784  57.891374            
0.27543456  57.609103            
0.27641128  58.166448            
0.27738799  57.61827            
0.27836471  58.770436            
0.27934143  59.068731            
0.28031815  59.220395            
0.28129487  58.518554            
0.28227158  58.384959            
0.2832483  59.545762            
0.28422502  57.573013            
0.28520174  57.669975            
0.28617846  58.897822            
0.28715518  57.615711            
0.28813189  59.069245            
0.28910861  59.288669            
0.29008533  59.263115            
0.29106205  60.357971            
0.29203877  60.02495            
0.29301549  58.656385            
0.2939922  58.591135            
0.29496892  58.129178            
0.29594564  58.552684            
0.29692236  59.343567            
0.29789908  59.353874            
0.2988758  59.51671            
0.29985251  59            
0.30082923  59            
0.30180595  59.265715            
0.30278267  60.021939            
0.30375939  58.642029            
0.30473611  58.530594            
0.30571282  58.592565            
0.30668954  60.575282            
0.30766626  60.196627            
0.30864298  60.873657            
0.3096197  60.540361            
0.31059642  60.974973            
0.31157313  59.645327            
0.31254985  59.499316            
0.31352657  60.256894            
0.31450329  61.324701            
0.31548001  62.585813            
0.31645672  62.697836            
0.31743344  64.313791            
0.31841016  65.085676            
0.31938688  64.610069            
0.3203636  66.139475            
0.32134032  67.326535            
0.32231703  68.912293            
0.32329375  70.142601            
0.32427047  71.35585            
0.32524719  74.554075            
0.32622391  76.859497            
0.32720063  76.542694            
0.32817734  79.157921            
0.32915406  81.855128            
0.33013078  85.854917            
0.3311075  87.601368            
0.33208422  90.802462            
0.33306094  94.932004            
0.33403765  99.589625            
0.33501437  104.36344            
0.33599109  110.6861            
0.33696781  122.77565            
0.33794453  138.69519            
0.33892125  160.32741            
0.33989796  167.95593            
0.34087468  140.98351            
0.3418514  116.83938            
0.34282812  97.622902            
0.34380484  84.331765            
0.34478156  79.609603            
0.34575827  77.247524            
0.34673499  72.709278            
0.34771171  66.829357            
0.34868843  63.032047            
0.34966515  60.307897            
0.35064186  59.130747            
0.35161858  59.51118            
0.3525953  59.073014            
0.35357202  58.949721            
0.35454874  57.620284            
0.35552546  58.51077            
0.35650217  58            
0.35747889  57.984865            
0.35845561  58.146156            
0.35943233  58.648091            
0.36040905  57.709712            
0.36138577  58.947168            
0.36236248  57.505141            
0.3633392  58.13235            
0.36431592  58.342754            
0.36529264  58.490097            
0.36626936  59.711697            
0.36724608  61.151613            
0.36822279  60.475297            
0.36919951  60.719409            
0.37017623  59.586455            
0.37115295  58.432256            
0.37212967  59.414312            
0.37310639  60.851574            
0.3740831  60.432598            
0.37505982  60.584731            
0.37603654  59.059026            
0.37701326  59.432941            
0.37798998  60            
0.3789667  60.149111            
0.37994341  60.224465            
0.38092013  58.983746            
0.38189685  61.14922            
0.38287357  60.551441            
0.38385029  61.22467            
0.384827  61            
0.38580372  60.656176            
0.38678044  59.417495            
0.38775716  59.717099            
0.38873388  60.269483            
0.3897106  61.149214            
0.39068731  60.642029            
0.39166403  60.221336            
0.39264075  58.717384            
0.39361747  59.195095            
0.39459419  59.881783            
0.39557091  59.835806            
0.39654762  59.937353            
0.39752434  58.868951            
0.39850106  59.640244            
0.39947778  59.478197            
0.4004545  59.865928            
0.40143122  59.505956            
0.40240793  59.212101            
0.40338465  60.075983            
0.40436137  60.20589            
0.40533809  59.778511            
0.40631481  60.420643            
0.40729153  60.090227            
0.40826824  57.228806            
0.40924496  58.347697            
0.41022168  59.144593            
0.4111984  58.708605            
0.41217512  60            
0.41315184  59.648842            
0.41412855  58.571987            
0.41510527  59.572146            
0.41608199  60.220362            
0.41705871  59.562377            
0.41803543  59.291494            
0.41901215  60.572784            
0.41998886  61.066044            
0.42096558  59.723758            
0.4219423  58.854166            
0.42291902  59.081319            
0.42389574  58.427952            
0.42487245  59.638702            
0.42584917  59.142041            
0.42682589  58.141881            
0.42780261  57.57422            
0.42877933  58.697325            
0.42975605  59.492951            
0.43073276  58.081251            
0.43170948  59.014195            
0.4326862  60.063228            
0.43366292  59.139453            
0.43463964  59.346853            
0.43561636  58.579451            
0.43659307  59.284584            
0.43756979  58.139862            
0.43854651  59.078037            
0.43952323  60.563933            
0.44049995  60.222042            
0.44147667  59.983851            
0.44245338  59.86398            
0.4434301  59.658201            
0.44440682  59.559179            
0.44538354  59.016196            
0.44636026  58.697641            
0.44733698  57.436524            
0.44831369  57.856931            
0.44929041  58.718821            
0.45026713  59.921276            
0.45124385  59.72081            
0.45222057  60            
0.45319729  59.638102            
0.454174  58.720131            
0.45515072  59.779284            
0.45612744  59.079067            
0.45710416  59.057812            
0.45808088  58.584402            
0.45905759  60.499913            
0.46003431  59.699191            
0.46101103  58.943054            
0.46198775  60            
0.46296447  59.936941            
0.46394119  59.334743            
0.4649179  58.079581            
0.46589462  58.151944            
0.46687134  57.558364            
0.46784806  58.143037            
0.46882478  58.27594            
0.4698015  57.366351            
0.47077821  58.721953            
0.47175493  58.776572            
0.47273165  57.919962            
0.47370837  57.945871            
0.47468509  58.839696            
0.47566181  58.059992            
0.47663852  57.300631            
0.47761524  57.197324            
0.47859196  56.946954            
0.47956868  58.063829            
0.4805454  58.220184            
0.48152212  58.225023            
0.48249883  59.080609            
0.48347555  59.132629            
0.48445227  58.26058            
0.48542899  57.942766            
0.48640571  57.403375            
0.48738243  55.729037            
0.48835914  56.854812            
0.48933586  56.357971            
0.49031258  56.729823            
0.4912893  57.773382            
0.49226602  57.372376            
0.49324273  58.723266            
0.49421945  58.610315            
0.49519617  57.365409            
0.49617289  57.333205            
0.49714961  56.073303            
0.49812633  55.357971            
0.49910304  55.211656            
0.50007976  54.487888            
0.50105648  53.927288            
0.5020332  54.202163            
0.50300992  52.617242            
0.50398664  52.382826            
0.50496335  52.617105            
0.50594007  52.071974            
0.50691679  51.1288            
0.50789351  50.505208            
0.50887023  50.852661            
0.50984695  49.98088            
0.51082366  48.863486            
0.51180038  49.340973            
0.5127771  49.136309            
0.51375382  48.65905            
0.51473054  48.863896            
0.51570726  49.950195            
0.51668397  51.926087            
0.51766069  51.546901            
0.51863741  50.515143            
0.51961413  51.515302            
0.52059085  53.589646            
0.52156757  59.018127            
0.52254428  64.246963            
0.523521  71.059558            
0.52449772  77.707359            
0.52547444  85.54807            
0.52645116  98.016633            
0.52742787  119.05325            
0.52840459  129.219            
0.52938131  117.69153            
0.53035803  103.33307            
0.53133475  98.766074            
0.53231147  94.875798            
0.53328818  91.190582            
0.5342649  87.107065            
0.53524162  85.366151            
0.53621834  81.422145            
0.53719506  78.040048            
0.53817178  76.699177            
0.53914849  75.481507            
0.54012521  74.012159            
0.54110193  71.547872            
0.54207865  71            
0.54305537  70.782302            
0.54403209  69.737087            
0.5450088  68.037515            
0.54598552  65.905272            
0.54696224  65.424927            
0.54793896  65.187722            
0.54891568  63.715942            
0.5498924  63.715942            
0.55086911  63.54673            
0.55184583  62.915337            
0.55282255  62.642029            
0.55379927  62.405201            
0.55477599  61.252889            
0.55575271  60.30451            
0.55672942  61.301598            
0.55770614  61.272965            
0.55868286  61            
0.55965958  61.08512            
0.5606363  60.967259            
0.56161301  60.021681            
0.56258973  60.761736            
0.56356645  60.476846            
0.56454317  61.60824            
0.56551989  60.119229            
0.56649661  59.596873            
0.56747332  60.11891            
0.56845004  59.425924            
0.56942676  59.881409            
0.57040348  60.488238            
0.5713802  60.221982            
0.57235692  60.618094            
0.57333363  59.727949            
0.57431035  60.068224            
0.57528707  60.215788            
0.57626379  60.240497            
0.57724051  61            
0.57821723  60.982201            
0.57919394  60.548209            
0.58017066  59.44429            
0.58114738  59.629566            
0.5821241  59.772292            
0.58310082  61.142545            
0.58407754  60.874425            
0.58505425  59.582022            
0.58603097  59.817767            
0.58700769  58.86038            
0.58798441  60.327191            
0.58896113  60.086833            
0.58993785  60.115241            
0.59091456  59.513913            
0.59189128  59.843955            
0.592868  59.445033            
0.59384472  59.697954            
0.59482144  59.903557            
0.59579815  60.454243            
0.59677487  59.973166            
0.59775159  61.156659            
0.59872831  61.171744            
0.59970503  60.099073            
0.60068175  60.970125            
0.60165846  60.175151            
0.60263518  60.697848            
0.6036119  60.572445            
0.60458862  60.357971            
0.60556534  60.585124            
0.60654206  61.214338            
0.60751877  60.684633            
0.60849549  59.855563            
0.60947221  60.074491            
0.61044893  59.905856            
0.61142565  61.339771            
0.61240237  61.214066            
0.61337908  60.753441            
0.6143558  60.088318            
0.61533252  60.357971            
0.61630924  60.110934            
0.61728596  59.428189            
0.61826268  59.483219            
0.61923939  59.247516            
0.62021611  60.247676            
0.62119283  60.911282            
0.62216955  60.819579            
0.62314627  61.180307            
0.62412299  60.571494            
0.6250997  60.109498            
0.62607642  59.766233            
0.62705314  61.159732            
0.62802986  61.30396            
0.62900658  60.640757            
0.62998329  61.537479            
0.63096001  61.338719            
0.63193673  62.250177            
0.63291345  62.354642            
0.63389017  63.231671            
0.63486689  62.160551            
0.6358436  62.892257            
0.63682032  64.053173            
0.63779704  65.1232            
0.63877376  65.214657            
0.63975048  66.944629            
0.6407272  67.251026            
0.64170391  68.251185            
0.64268063  69.592663            
0.64365735  72.022452            
0.64463407  74.341752            
0.64561079  76.023295            
0.64658751  78            
0.64756422  78.414025            
0.64854094  80.417583            
0.64951766  83.202205            
0.65049438  86.157754            
0.6514711  91.472175            
0.65244782  94.450662            
0.65342453  96.921796            
0.65440125  100.90832            
0.65537797  106.66938            
0.65635469  113.60305            
0.65733141  119.04134            
0.65830813  131.63087            
0.65928484  152.13666            
0.66026156  169.82789            
0.66123828  163.34438            
0.662215  137.19537            
0.66319172  108.6666            
0.66416843  91.938418            
0.66514515  82.845255            
0.66612187  77.116968            
0.66709859  72.851099            
0.66807531  68.182988            
0.66905203  63.53291            
0.67002874  63            
0.67100546  62.579688            
0.67198218  61.174596            
0.6729589  61.154609            
0.67393562  62.714876            
0.67491234  62.431836            
0.67588905  61.164853            
0.67686577  60.633307            
0.67784249  58.211115            
0.67881921  59.807189            
0.67979593  60.21094            
0.68077265  60.165365            
0.68174936  60.218836            
0.68272608  59.33114            
0.6837028  59.971786            
0.68467952  59.332117            
0.68565624  60.294084            
0.68663296  60.945195            
0.68760967  61.092601            
0.68858639  61.597682            
0.68956311  62.376773            
0.69053983  62.568412            
0.69151655  62.598125            
0.69249327  63.043756            
0.69346998  62.617611            
0.6944467  63.357971            
0.69542342  63.377185            
0.69640014  62.799306            
0.69737686  61.334212            
0.69835358  62.284058            
0.69933029  61.949436            
0.70030701  60.906657            
0.70128373  60.642029            
0.70226045  60.71619            
0.70323717  61.280837            
0.70421388  62.116235            
0.7051906  61.716326            
0.70616732  61.926087            
0.70714404  61.664214            
0.70812076  61.113687            
0.70909748  61.567551            
0.71007419  61.170142            
0.71105091  60.998512            
0.71202763  61.831358            
0.71300435  61.001055            
0.71398107  59.717572            
0.71495779  59.546586            
0.7159345  61.189801            
0.71691122  61.039875            
0.71788794  61.283085            
0.71886466  61.073913            
0.71984138  61.12938            
0.7208181  60.775365            
0.72179481  59.338438            
0.72277153  59.22849            
0.72374825  59.224228            
0.72472497  59.981977            
0.72570169  60.680762            
0.72667841  60.435243            
0.72765512  60.941301            
0.72863184  59.530766            
0.72960856  60.563972            
0.73058528  59.984489            
0.731562  61.715942            
0.73253872  61.942638            
0.73351543  62.58779            
0.73449215  62.109349            
0.73546887  60.71773            
0.73644559  60.85034            
0.73742231  60.889126            
0.73839902  61.149463            
0.73937574  59.637235            
0.74035246  58.470416            
0.74132918  57.904258            
0.7423059  57.718048            
0.74328262  57.697895            
0.74425933  57.781806            
0.74523605  60.308471            
0.74621277  61.561805            
0.74718949  60.339381            
0.74816621  59.792232            
0.74914293  60.096199            
0.75011964  60.205209            
0.75109636  60.039021            
0.75207308  60.868885            
0.7530498  61.400395            
0.75402652  61.253443            
0.75500324  60.173149            
0.75597995  61.181728            
0.75695667  62.468675            
0.75793339  61.633119            
0.75891011  61.085916            
0.75988683  62.110397            
0.76086355  61.835797            
0.76184026  61.642492            
0.76281698  59.96688            
0.7637937  60.487998            
0.76477042  60.053862            
0.76574714  60.44572            
0.76672386  61.564878            
0.76770057  61.183491            
0.76867729  61.065108            
0.76965401  62.02011            
0.77063073  61.879003            
0.77160745  60.890545            
0.77258416  59.837167            
0.77356088  60.43544            
0.7745376  60.642029            
0.77551432  60.584651            
0.77649104  60.587093            
0.77746776  60.8447            
0.77844447  60.978922            
0.77942119  62.158206            
0.78039791  61.137806            
0.78137463  60.730051            
0.78235135  61.695678            
0.78332807  61.093396            
0.78430478  59.994472            
0.7852815  61.024398            
0.78625822  61.206            
0.78723494  61.353057            
0.78821166  61.832313            
0.78918838  60.937649            
0.79016509  61.440509            
0.79114181  60.794226            
0.79211853  60.92167            
0.79309525  60.419637            
0.79407197  60.115751            
0.79504869  61.259088            
0.7960254  61.255961            
0.79700212  61.946528            
0.79797884  61.566088            
0.79895556  60.510531            
0.79993228  60.715942            
0.800909  60.972642            
0.80188571  61.563246            
0.80286243  60.802957            
0.80383915  59.793384            
0.80481587  61.104459            
0.80579259  61.132203            
0.8067693  60.655858            
0.80774602  61.701737            
0.80872274  60.278464            
0.80969946  60.642231            
0.81067618  59.974119            
0.8116529  60.920972            
0.81262961  61.562748            
0.81360633  61.158036            
0.81458305  60.183211            
0.81555977  59.179499            
0.81653649  59.842307            
0.81751321  59.977875            
0.81848992  59.079553            
0.81946664  59.024551            
0.82044336  58.357971            
0.82142008  57.696471            
0.8223968  56.180216            
0.82337352  56.461711            
0.82435023  55.798809            
0.82532695  55.586017            
0.82630367  56.156551            
0.82728039  55.079039            
0.82825711  53.923684            
0.82923383  54.078401            
0.83021054  52.722126            
0.83118726  52.967794            
0.83216398  52.408275            
0.8331407  50.796175            
0.83411742  50.797666            
0.83509414  50.203735            
0.83607085  50.464581            
0.83704757  51.561615            
0.83802429  51.277512            
0.83900101  50.972461            
0.83997773  51.566649            
0.84095444  54.668694            
0.84193116  58.086858            
0.84290788  63.058079            
0.8438846  75.014434            
0.84486132  95.761551            
0.84583804  113.22771            
0.84681475  118.21923            
0.84779147  115.5619            
0.84876819  117.8649            
0.84974491  120.52383            
0.85072163  114.31628            
0.85169835  108.67335            
0.85267506  104.35639            
0.85365178  100.90744            
0.8546285  93.664449            
0.85560522  90.925301            
0.85658194  85.885667            
0.85755866  83.632194            
0.85853537  82.018964            
0.85951209  79.710539            
0.86048881  77.363007            
0.86146553  75.339773            
0.86244225  75.014233            
0.86341897  72.383598            
0.86439568  71.556847            
0.8653724  70.436041            
0.86634912  69.741262            
0.86732584  69.077841            
0.86830256  68.507553            
0.86927928  68.069616            
0.87025599  67.439926            
0.87123271  67.189355            
0.87220943  65.867125            
0.87318615  65.25452            
0.87416287  64.896492            
0.87513958  64.538464            
0.8761163  64.491303            
0.87709302  64.60669            
0.87806974  63.849502            
0.87904646  64.150384            
0.88002318  63.642029            
0.88099989  62.979038            
0.88197661  61.730898            
0.88295333  62.746051            
0.88393005  63.373337            
0.88490677  63.993151            
0.88588349  63.201378            
0.8868602  62.439073            
0.88783692  61.61361            
0.88881364  62.760456            
0.88979036  62.087827            
0.89076708  61.493218            
0.8917438  61.746565            
0.89272051  62            
0.89369723  61.89535            
0.89467395  62.331741            
0.89565067  63.497809            
0.89662739  62.38888            
0.89760411  62.642029            
0.89858082  62.768632            
0.89955754  62.863927            
0.90053426  61.771052            
0.90151098  60.945209            
0.9024877  62.147643            
0.90346442  61.74725            
0.90444113  62.482917            
0.90541785  63.830951            
0.90639457  63.989641            
0.90737129  62.716679            
0.90834801  61.357971            
0.90932472  61.947761            
0.91030144  62.472807            
0.91127816  61.137936            
0.91225488  62.704626            
0.9132316  62            
0.91420832  62.273837            
0.91518503  63.517792            
0.91616175  64.736039            
0.91713847  63.903757            
0.91811519  62.725572            
0.91909191  62.348489            
0.92006863  62.70335            
0.92104534  62.084311            
0.92202206  62.009039            
0.92299878  61.548736            
0.9239755  61.787159            
0.92495222  61.794461            
0.92592894  62.830925            
0.92690565  62.005517            
0.92788237  61.106649            
0.92885909  61.464677            
0.92983581  61.693898            
0.93081253  61.642029            
0.93178925  62.13228            
0.93276596  63.582782            
0.93374268  63.601391            
0.9347194  62.084946            
0.93569612  62.221182            
0.93667284  62.266112            
0.93764956  62.586584            
0.93862627  62.391335            
0.93960299  62.364351            
0.94057971  61.415942            
