0  71.470607            
0.00097680758  66.499055            
0.0019536152  68.402513            
0.0029304227  69.536669            
0.0039072303  69.553126            
0.0048840379  69.432531            
0.0058608455  76.778896            
0.0068376531  74.080195            
0.0078144607  66.800539            
0.0087912682  69.701773            
0.0097680758  74.981997            
0.010744883  70.50716            
0.011721691  72.431137            
0.012698499  64.846769            
0.013675306  70.138762            
0.014652114  69.182985            
0.015628921  67.755784            
0.016605729  71.150166            
0.017582536  72.727874            
0.018559344  76.891399            
0.019536152  73.857784            
0.020512959  69.380156            
0.021489767  67.004242            
0.022466574  67.748067            
0.023443382  72.123659            
0.02442019  70.347227            
0.025396997  73.09537            
0.026373805  67.908739            
0.027350612  69.910225            
0.02832742  67.08636            
0.029304227  72.177712            
0.030281035  71.709778            
0.031257843  71.461524            
0.03223465  71.421774            
0.033211458  71.707198            
0.034188265  67.835797            
0.035165073  72.546751            
0.036141881  70.24828            
0.037118688  72.26278            
0.038095496  67.221771            
0.039072303  72.75562            
0.040049111  71.813846            
0.041025918  73.966742            
0.042002726  67.209942            
0.042979534  72.503572            
0.043956341  69.713507            
0.044933149  71.150155            
0.045909956  72            
0.046886764  71.566611            
0.047863572  69.106703            
0.048840379  69.91933            
0.049817187  71.392371            
0.050793994  73.346381            
0.051770802  70.751966            
0.052747609  70.169581            
0.053724417  75.661135            
0.054701225  76.130735            
0.055678032  73.118608            
0.05665484  67.992764            
0.057631647  68.803027            
0.058608455  72.723474            
0.059585263  68.218763            
0.06056207  68.747119            
0.061538878  72.486831            
0.062515685  69.386903            
0.063492493  68.942535            
0.0644693  70.516891            
0.065446108  72.912848            
0.066422916  70.438694            
0.067399723  75.009295            
0.068376531  70.112476            
0.069353338  67.204123            
0.070330146  70.457322            
0.071306954  66.369062            
0.072283761  68.756926            
0.073260569  70.296916            
0.074237376  71.514171            
0.075214184  76.762543            
0.076190991  73.436991            
0.077167799  70.064297            
0.078144607  70.030713            
0.079121414  74.880485            
0.080098222  71.117286            
0.081075029  75.64969            
0.082051837  66.660033            
0.083028645  67.313298            
0.084005452  73.293648            
0.08498226  73.580185            
0.085959067  73.148564            
0.086935875  69.421021            
0.087912682  74.276666            
0.08888949  72.495704            
0.089866298  69.94591            
0.090843105  71.897009            
0.091819913  75.977879            
0.09279672  71.4359            
0.093773528  69.972227            
0.094750335  70.917902            
0.095727143  68.750579            
0.096703951  67.451253            
0.097680758  67.48617            
0.098657566  68.835073            
0.099634373  69.678069            
0.10061118  71.609853            
0.10158799  69.694242            
0.1025648  70.90449            
0.1035416  71.434922            
0.10451841  70.355443            
0.10549522  73.062338            
0.10647203  70.381608            
0.10744883  69.30981            
0.10842564  73.221689            
0.10940245  71.66373            
0.11037926  71.162312            
0.11135606  71.111497            
0.11233287  71.938974            
0.11330968  66.575393            
0.11428649  67.919566            
0.11526329  72.839474            
0.1162401  73.011417            
0.11721691  71.71147            
0.11819372  71.09607            
0.11917053  68.549001            
0.12014733  66.600816            
0.12112414  68.484277            
0.12210095  69.109696            
0.12307776  71.83264            
0.12405456  70.12354            
0.12503137  71.475251            
0.12600818  68.739722            
0.12698499  69.742062            
0.12796179  73.676806            
0.1289386  68.330364            
0.12991541  69.49245            
0.13089222  72.422794            
0.13186902  68.533479            
0.13284583  70.793814            
0.13382264  75.015876            
0.13479945  75.424996            
0.13577625  70.577777            
0.13675306  68.290276            
0.13772987  72.286137            
0.13870668  66.581866            
0.13968348  68.112058            
0.14066029  68.224471            
0.1416371  70.687394            
0.14261391  66.330868            
0.14359071  69.783138            
0.14456752  67.394251            
0.14554433  73.303483            
0.14652114  73.815856            
0.14749794  69.631086            
0.14847475  71.539949            
0.14945156  71.880229            
0.15042837  72.077811            
0.15140518  70.525941            
0.15238198  73.299312            
0.15335879  73.454072            
0.1543356  68.268624            
0.15531241  72.816767            
0.15628921  71.308863            
0.15726602  74.449653            
0.15824283  75.274338            
0.15921964  69.172865            
0.16019644  68.355599            
0.16117325  66.85127            
0.16215006  68.981385            
0.16312687  71.90602            
0.16410367  73.533366            
0.16508048  66.844777            
0.16605729  68.664227            
0.1670341  70.107248            
0.1680109  72.973435            
0.16898771  72.952769            
0.16996452  72.701263            
0.17094133  68.636039            
0.17191813  72.543312            
0.17289494  71.546228            
0.17387175  72.67653            
0.17484856  76.20985            
0.17582536  72.643083            
0.17680217  73.121724            
0.17777898  72.192923            
0.17875579  70.354224            
0.1797326  69.296051            
0.1807094  72.380631            
0.18168621  69.191172            
0.18266302  68.655781            
0.18363983  72.217651            
0.18461663  70.197449            
0.18559344  71.902463            
0.18657025  70.033635            
0.18754706  68.903117            
0.18852386  69.491727            
0.18950067  73.366792            
0.19047748  70.413597            
0.19145429  70.322746            
0.19243109  71.654303            
0.1934079  70.974371            
0.19438471  69.334596            
0.19536152  68.636041            
0.19633832  73.100633            
0.19731513  69.841107            
0.19829194  68.311327            
0.19926875  70.283599            
0.20024555  73.066669            
0.20122236  73.206242            
0.20219917  68.462073            
0.20317598  71.885007            
0.20415278  69.197753            
0.20512959  74.001441            
0.2061064  71.527667            
0.20708321  70.27782            
0.20806002  69.066865            
0.20903682  68.986795            
0.21001363  72.152981            
0.21099044  71.223781            
0.21196725  70.203603            
0.21294405  75.364288            
0.21392086  74.14905            
0.21489767  70.939373            
0.21587448  68.918772            
0.21685128  69.566373            
0.21782809  65.286282            
0.2188049  69.743155            
0.21978171  73.676348            
0.22075851  72.017982            
0.22173532  70.811985            
0.22271213  70.620468            
0.22368894  72.385774            
0.22466574  68.737337            
0.22564255  70.504984            
0.22661936  77.689121            
0.22759617  75.170876            
0.22857297  70.774848            
0.22954978  73.879519            
0.23052659  80.322405            
0.2315034  73.779453            
0.2324802  71.793652            
0.23345701  72.049143            
0.23443382  71.868736            
0.23541063  70.535446            
0.23638743  71.497646            
0.23736424  70.110979            
0.23834105  68.261903            
0.23931786  67.35308            
0.24029467  69.26409            
0.24127147  74.829733            
0.24224828  71.910612            
0.24322509  71.213557            
0.2442019  70.96273            
0.2451787  74.410779            
0.24615551  72.061617            
0.24713232  71.275873            
0.24810913  67.892598            
0.24908593  70.059202            
0.25006274  69.815688            
0.25103955  74.819491            
0.25201636  69.140995            
0.25299316  69.646579            
0.25396997  69.29725            
0.25494678  69.551232            
0.25592359  69.125523            
0.25690039  67.395792            
0.2578772  70.401111            
0.25885401  69.579786            
0.25983082  75.651086            
0.26080762  72.649911            
0.26178443  67.43755            
0.26276124  72.411522            
0.26373805  73.259992            
0.26471485  74.316743            
0.26569166  73.400609            
0.26666847  70.259778            
0.26764528  75.042686            
0.26862209  72.741043            
0.26959889  65.980661            
0.2705757  64.250172            
0.27155251  70.867133            
0.27252932  75.836911            
0.27350612  70.095809            
0.27448293  69.754092            
0.27545974  70.101874            
0.27643655  67.343434            
0.27741335  66.641991            
0.27839016  67.821872            
0.27936697  73.12236            
0.28034378  70.650837            
0.28132058  73.211728            
0.28229739  69.652329            
0.2832742  71.198748            
0.28425101  70.953272            
0.28522781  70.43677            
0.28620462  69.711205            
0.28718143  72.06679            
0.28815824  73.843785            
0.28913504  71.6181            
0.29011185  69.773559            
0.29108866  71.290212            
0.29206547  70.224727            
0.29304227  73.214942            
0.29401908  73.744656            
0.29499589  71.338792            
0.2959727  67.243518            
0.29694951  72.414715            
0.29792631  73.279328            
0.29890312  71.440106            
0.29987993  74.692284            
0.30085674  73.713332            
0.30183354  74.137319            
0.30281035  72.442961            
0.30378716  70.882161            
0.30476397  68.798984            
0.30574077  67.087883            
0.30671758  70.520598            
0.30769439  72.038765            
0.3086712  74.324052            
0.309648  74.815091            
0.31062481  72.466115            
0.31160162  72.720849            
0.31257843  70.92467            
0.31355523  71.136219            
0.31453204  69.642881            
0.31550885  70.632426            
0.31648566  75.490723            
0.31746246  75.036246            
0.31843927  77.160026            
0.31941608  77.230327            
0.32039289  76.802043            
0.32136969  82.07933            
0.3223465  80.557037            
0.32332331  81.723835            
0.32430012  85.801225            
0.32527692  88.083808            
0.32625373  89.91138            
0.32723054  91.501032            
0.32820735  90.807532            
0.32918416  98.587365            
0.33016096  98.507934            
0.33113777  96.498817            
0.33211458  105.27298            
0.33309139  106.13529            
0.33406819  112.66605            
0.335045  116.42577            
0.33602181  122.83465            
0.33699862  127.78262            
0.33797542  130.40174            
0.33895223  137.10066            
0.33992904  140.13325            
0.34090585  141.98585            
0.34188265  147.74091            
0.34285946  152.43375            
0.34383627  160.7167            
0.34481308  147.73892            
0.34578988  126.22855            
0.34676669  118.05079            
0.3477435  101.78125            
0.34872031  87.848327            
0.34969711  77.73776            
0.35067392  75.171303            
0.35165073  74.016137            
0.35262754  67.71039            
0.35360434  66.36069            
0.35458115  64.551349            
0.35555796  62.208767            
0.35653477  59.268369            
0.35751158  58.166402            
0.35848838  57.670313            
0.35946519  60.042941            
0.360442  59.565887            
0.36141881  56.114587            
0.36239561  52.978398            
0.36337242  54.604484            
0.36434923  53.02247            
0.36532604  58.021914            
0.36630284  57.530942            
0.36727965  57.759759            
0.36825646  56.438047            
0.36923327  60.492435            
0.37021007  60.332557            
0.37118688  60.38357            
0.37216369  62.522026            
0.3731405  62.339227            
0.3741173  61.297012            
0.37509411  60.595703            
0.37607092  61.944382            
0.37704773  56.744573            
0.37802453  57.434854            
0.37900134  59.979937            
0.37997815  61.839353            
0.38095496  65.676754            
0.38193176  66.425415            
0.38290857  66.130206            
0.38388538  64.410656            
0.38486219  67.27116            
0.385839  64.579707            
0.3868158  64.647551            
0.38779261  60.64578            
0.38876942  66.360198            
0.38974623  62.38064            
0.39072303  65.088151            
0.39169984  66.138413            
0.39267665  63.899124            
0.39365346  65.601947            
0.39463026  65.888219            
0.39560707  71.028605            
0.39658388  68.617418            
0.39756069  64.59349            
0.39853749  68.361083            
0.3995143  66.723849            
0.40049111  67.717462            
0.40146792  66.346961            
0.40244472  67.73049            
0.40342153  68.546027            
0.40439834  69.502831            
0.40537515  71.590715            
0.40635195  70.385737            
0.40732876  69.989            
0.40830557  66.497522            
0.40928238  64.25364            
0.41025918  68.218804            
0.41123599  69.854            
0.4122128  68.049283            
0.41318961  68.164125            
0.41416641  66.092582            
0.41514322  67.395937            
0.41612003  65.913907            
0.41709684  69.759131            
0.41807365  74.453719            
0.41905045  64.658919            
0.42002726  67.167327            
0.42100407  68.925072            
0.42198088  70.190426            
0.42295768  70.231846            
0.42393449  69.978505            
0.4249113  68.137628            
0.42588811  71.416461            
0.42686491  67.686859            
0.42784172  67.478827            
0.42881853  68.234304            
0.42979534  64.712345            
0.43077214  68.807043            
0.43174895  69.263362            
0.43272576  68.293982            
0.43370257  70.064049            
0.43467937  69.774471            
0.43565618  68.198482            
0.43663299  67.816109            
0.4376098  67.310732            
0.4385866  66.399782            
0.43956341  63.2418            
0.44054022  65.217091            
0.44151703  68.260663            
0.44249383  65.74666            
0.44347064  65.550182            
0.44444745  68.42725            
0.44542426  70.212614            
0.44640107  66.658232            
0.44737787  71.147697            
0.44835468  67.184363            
0.44933149  67.375473            
0.4503083  66.938182            
0.4512851  68.6302            
0.45226191  65.874059            
0.45323872  62.300652            
0.45421553  66.624568            
0.45519233  67.63346            
0.45616914  67.752855            
0.45714595  67.747174            
0.45812276  64.431283            
0.45909956  68.31251            
0.46007637  68.306095            
0.46105318  65.679569            
0.46202999  67.632093            
0.46300679  70.182956            
0.4639836  64.989538            
0.46496041  64.00737            
0.46593722  67.207754            
0.46691402  71.945821            
0.46789083  70.623723            
0.46886764  68.608642            
0.46984445  67.210064            
0.47082125  70.379889            
0.47179806  68.051943            
0.47277487  64.555832            
0.47375168  64.818561            
0.47472849  66.347695            
0.47570529  68.723923            
0.4766821  63.986068            
0.47765891  63.879724            
0.47863572  65.105176            
0.47961252  63.944428            
0.48058933  67.210562            
0.48156614  70.432095            
0.48254295  67.7725            
0.48351975  63.396205            
0.48449656  65.45394            
0.48547337  65.81205            
0.48645018  65.184307            
0.48742698  66.100131            
0.48840379  68.880251            
0.4893806  67.110868            
0.49035741  65.118056            
0.49133421  66.821274            
0.49231102  69.919965            
0.49328783  62.595465            
0.49426464  63.057007            
0.49524144  58.984515            
0.49621825  63.509978            
0.49719506  63.279365            
0.49817187  59.653992            
0.49914867  56.71775            
0.50012548  55.496518            
0.50110229  55.981683            
0.5020791  55.772908            
0.5030559  57.320369            
0.50403271  57.895542            
0.50500952  58.739732            
0.50598633  57.08593            
0.50696314  53.710281            
0.50793994  53.017776            
0.50891675  56.140861            
0.50989356  52.009792            
0.51087037  50.822982            
0.51184717  53.526416            
0.51282398  47.757269            
0.51380079  46.265642            
0.5147776  50.030956            
0.5157544  49.971503            
0.51673121  48.958618            
0.51770802  50.334949            
0.51868483  44.604365            
0.51966163  44.036941            
0.52063844  45.48722            
0.52161525  45.61609            
0.52259206  46.785576            
0.52356886  50.655313            
0.52454567  54.640273            
0.52552248  53.527635            
0.52649929  56.534383            
0.52747609  60.61881            
0.5284529  61.594429            
0.52942971  67.393765            
0.53040652  76.937879            
0.53138332  89.08089            
0.53236013  102.34738            
0.53333694  122.87154            
0.53431375  121.62565            
0.53529056  116.27684            
0.53626736  108.7182            
0.53724417  108.72212            
0.53822098  105.93511            
0.53919779  105.79651            
0.54017459  99.140382            
0.5411514  95.906505            
0.54212821  96.5293            
0.54310502  93.751466            
0.54408182  89.269693            
0.54505863  87.387469            
0.54603544  86.020568            
0.54701225  85.440298            
0.54798905  82.264667            
0.54896586  81.977313            
0.54994267  79.240955            
0.55091948  77.601156            
0.55189628  74.078062            
0.55287309  77.559621            
0.5538499  81.618881            
0.55482671  80.417819            
0.55580351  73.201665            
0.55678032  74.240353            
0.55775713  73.311606            
0.55873394  69.15419            
0.55971074  74.53994            
0.56068755  77.259428            
0.56166436  75.81561            
0.56264117  71.664749            
0.56361798  72.825968            
0.56459478  76.157682            
0.56557159  70.818728            
0.5665484  71.132758            
0.56752521  71.004955            
0.56850201  70.640696            
0.56947882  73.492314            
0.57045563  72.528385            
0.57143244  68.493302            
0.57240924  73.637587            
0.57338605  73.163654            
0.57436286  69.228454            
0.57533967  71.53651            
0.57631647  67.894214            
0.57729328  68.730721            
0.57827009  69.772246            
0.5792469  69.234623            
0.5802237  69.467053            
0.58120051  70.147087            
0.58217732  72.195567            
0.58315413  75.584798            
0.58413093  72.536847            
0.58510774  69.952043            
0.58608455  68.412            
0.58706136  70.778289            
0.58803816  73.42879            
0.58901497  71.164303            
0.58999178  69.140972            
0.59096859  69.214189            
0.59194539  67.789277            
0.5929222  67.99015            
0.59389901  72.004569            
0.59487582  70.063783            
0.59585263  71.430692            
0.59682943  71.533947            
0.59780624  72.467353            
0.59878305  73.156565            
0.59975986  73.437672            
0.60073666  72.179559            
0.60171347  69.356997            
0.60269028  69.3534            
0.60366709  73.347795            
0.60464389  78.575664            
0.6056207  72.139952            
0.60659751  70.449789            
0.60757432  68.784899            
0.60855112  70.366864            
0.60952793  74.394703            
0.61050474  76.27565            
0.61148155  70.525223            
0.61245835  73.014472            
0.61343516  73.300297            
0.61441197  72.040129            
0.61538878  69.360274            
0.61636558  72.767126            
0.61734239  69.448009            
0.6183192  71.247588            
0.61929601  69.55351            
0.62027281  68.944454            
0.62124962  69.571144            
0.62222643  69.447882            
0.62320324  71.967504            
0.62418005  72.11946            
0.62515685  70.353742            
0.62613366  69.051011            
0.62711047  70.182021            
0.62808728  67.733532            
0.62906408  67.457856            
0.63004089  71.085257            
0.6310177  73.433411            
0.63199451  71.120354            
0.63297131  70.479377            
0.63394812  70.861484            
0.63492493  70.93649            
0.63590174  70.655523            
0.63687854  69.194086            
0.63785535  73.027577            
0.63883216  73.31966            
0.63980897  74.139748            
0.64078577  73.280828            
0.64176258  78.098219            
0.64273939  80.103027            
0.6437162  80.91602            
0.644693  80.394855            
0.64566981  82.208233            
0.64664662  83.292034            
0.64762343  86.758433            
0.64860023  86.86133            
0.64957704  91.173167            
0.65055385  92.512267            
0.65153066  96.382184            
0.65250747  98.96902            
0.65348427  102.10124            
0.65446108  103.69294            
0.65543789  112.1184            
0.6564147  114.62313            
0.6573915  122.30676            
0.65836831  123.38425            
0.65934512  124.6199            
0.66032193  134.91404            
0.66129873  138.05352            
0.66227554  143.36472            
0.66325235  144.13563            
0.66422916  152.52588            
0.66520596  158.29947            
0.66618277  163.80764            
0.66715958  143.52016            
0.66813639  118.72626            
0.66911319  106.24815            
0.67009  95.736527            
0.67106681  84.163169            
0.67204362  79.780081            
0.67302042  75.82382            
0.67399723  68.537533            
0.67497404  68.687522            
0.67595085  67.099927            
0.67692765  66.176993            
0.67790446  59.675717            
0.67888127  59.655926            
0.67985808  59.69069            
0.68083488  61.686984            
0.68181169  64.142081            
0.6827885  56.233665            
0.68376531  55.753845            
0.68474212  53.111511            
0.68571892  53.793393            
0.68669573  57.564272            
0.68767254  57.711714            
0.68864935  58.128846            
0.68962615  61.299039            
0.69060296  59.082946            
0.69157977  57.279989            
0.69255658  57.994667            
0.69353338  58.927677            
0.69451019  62.96139            
0.695487  57.48762            
0.69646381  58.998268            
0.69744061  57.173045            
0.69841742  58.153309            
0.69939423  56.990283            
0.70037104  60.998982            
0.70134784  62.802221            
0.70232465  62.609526            
0.70330146  66.508734            
0.70427827  67.65182            
0.70525507  69.371479            
0.70623188  64.77853            
0.70720869  64.380039            
0.7081855  65.90558            
0.7091623  65.772445            
0.71013911  64.669105            
0.71111592  64.887035            
0.71209273  65.988907            
0.71306954  65.400087            
0.71404634  63.323108            
0.71502315  64.644056            
0.71599996  64.749345            
0.71697677  62.633249            
0.71795357  65.820315            
0.71893038  68.714485            
0.71990719  67.772782            
0.720884  69.240681            
0.7218608  66.498682            
0.72283761  66.587179            
0.72381442  69.390048            
0.72479123  71.179036            
0.72576803  64.908372            
0.72674484  67.082885            
0.72772165  64.512733            
0.72869846  67.749496            
0.72967526  67.907989            
0.73065207  67.771745            
0.73162888  66.746891            
0.73260569  66.667589            
0.73358249  67.77271            
0.7345593  71.300134            
0.73553611  72.610986            
0.73651292  71.594732            
0.73748972  69.636387            
0.73846653  66.161001            
0.73944334  66.159795            
0.74042015  67.318641            
0.74139696  68.693909            
0.74237376  68.908616            
0.74335057  68.08945            
0.74432738  64.601079            
0.74530419  66.659732            
0.74628099  62.558475            
0.7472578  65.716421            
0.74823461  68.026808            
0.74921142  66.987451            
0.75018822  68.72378            
0.75116503  70.811009            
0.75214184  70.281285            
0.75311865  67.881561            
0.75409545  69.593508            
0.75507226  66.935306            
0.75604907  64.567618            
0.75702588  65.083412            
0.75800268  66.562004            
0.75897949  68.790603            
0.7599563  66.1608            
0.76093311  66.344164            
0.76190991  65            
0.76288672  66.31368            
0.76386353  67.601365            
0.76484034  65.323161            
0.76581714  68.065403            
0.76679395  70.259919            
0.76777076  68.414221            
0.76874757  68.915578            
0.76972437  67.51536            
0.77070118  62.675898            
0.77167799  63.717086            
0.7726548  70.593568            
0.77363161  67.925912            
0.77460841  64.495834            
0.77558522  64.900539            
0.77656203  68.163089            
0.77753884  66.24595            
0.77851564  65.826792            
0.77949245  69.083036            
0.78046926  68.837415            
0.78144607  65.410623            
0.78242287  68.165434            
0.78339968  66.662824            
0.78437649  65.50154            
0.7853533  67.420497            
0.7863301  66.339366            
0.78730691  69.260888            
0.78828372  68.238509            
0.78926053  64.42259            
0.79023733  65.571676            
0.79121414  64.919496            
0.79219095  68.005288            
0.79316776  67.424979            
0.79414456  68.264779            
0.79512137  69.835159            
0.79609818  68.670283            
0.79707499  67.074436            
0.79805179  67.356762            
0.7990286  69.980182            
0.80000541  67.069506            
0.80098222  67.586399            
0.80195903  66.637452            
0.80293583  63.746242            
0.80391264  64.159159            
0.80488945  64.16127            
0.80586626  65.180086            
0.80684306  65.903727            
0.80781987  64.833725            
0.80879668  63.805703            
0.80977349  61.247652            
0.81075029  62.025184            
0.8117271  63.635492            
0.81270391  61.990466            
0.81368072  61.57378            
0.81465752  60.926379            
0.81563433  62.628077            
0.81661114  65.59765            
0.81758795  64.805488            
0.81856475  61.759084            
0.81954156  60.739722            
0.82051837  60.69382            
0.82149518  62.842345            
0.82247198  62.81616            
0.82344879  59.783719            
0.8244256  57.018719            
0.82540241  56.013622            
0.82637921  55.260732            
0.82735602  58.24961            
0.82833283  51.359511            
0.82930964  49.541887            
0.83028645  51.821147            
0.83126325  50.806911            
0.83224006  51.843859            
0.83321687  54.616211            
0.83419368  50.723788            
0.83517048  49.77023            
0.83614729  49.111226            
0.8371241  45.997486            
0.83810091  48.259392            
0.83907771  49.978446            
0.84005452  46.369929            
0.84103133  47.6264            
0.84200814  46.346225            
0.84298494  47.255145            
0.84396175  49.409197            
0.84493856  51.283807            
0.84591537  50.751291            
0.84689217  54.530974            
0.84786898  55.595617            
0.84884579  56.283161            
0.8498226  60.228725            
0.8507994  67.688312            
0.85177621  71.519506            
0.85275302  75.878919            
0.85372983  86.182454            
0.85470663  99.312094            
0.85568344  116.27147            
0.85666025  120.97774            
0.85763706  117.31618            
0.85861386  114.64071            
0.85959067  110.70553            
0.86056748  106.29927            
0.86154429  98.314732            
0.8625211  95.440953            
0.8634979  95.861898            
0.86447471  95.668833            
0.86545152  93.055176            
0.86642833  90.044201            
0.86740513  91.350132            
0.86838194  91.289915            
0.86935875  88.15147            
0.87033556  83.057465            
0.87131236  79.194363            
0.87228917  76.765552            
0.87326598  75.975061            
0.87424279  78.204686            
0.87521959  79.364517            
0.8761964  78.749407            
0.87717321  75.507185            
0.87815002  73.749754            
0.87912682  75.098076            
0.88010363  77.771121            
0.88108044  78.171019            
0.88205725  80.072352            
0.88303405  79.35061            
0.88401086  72.032358            
0.88498767  72.453806            
0.88596448  71.484515            
0.88694128  71.315518            
0.88791809  68.928241            
0.8888949  69.125369            
0.88987171  75.27992            
0.89084852  73.09083            
0.89182532  69.1424            
0.89280213  67.697706            
0.89377894  71.041573            
0.89475575  70.227821            
0.89573255  73.717819            
0.89670936  72.606159            
0.89768617  69.703978            
0.89866298  68.952346            
0.89963978  68.966958            
0.90061659  71.837221            
0.9015934  67.30662            
0.90257021  66.240825            
0.90354701  71.729511            
0.90452382  76.52192            
0.90550063  73.873962            
0.90647744  72.408956            
0.90745424  70.297553            
0.90843105  74.461313            
0.90940786  74.353929            
0.91038467  70.40076            
0.91136147  71.419875            
0.91233828  72.357807            
0.91331509  72.321745            
0.9142919  70.927763            
0.9152687  74.156963            
0.91624551  72.158231            
0.91722232  72.036685            
0.91819913  74.404826            
0.91917594  70.700818            
0.92015274  73.403258            
0.92112955  72.384551            
0.92210636  68.651018            
0.92308317  70.632035            
0.92405997  72.86443            
0.92503678  70.303565            
0.92601359  70.746021            
0.9269904  71.641208            
0.9279672  71.101957            
0.92894401  71.257293            
0.92992082  72.364883            
0.93089763  72.581946            
0.93187443  73.3752            
0.93285124  77.451245            
0.93382805  72.885678            
0.93480486  71.00454            
0.93578166  72.216453            
0.93675847  74.074767            
0.93773528  73.102318            
0.93871209  71.345535            
0.93968889  70.431056            
0.9406657  70.273101            
